      91   1.00000e-21
      94   1.00000e-21                                                          
      96   1.00000e-21                                                          
      98   1.00000e-21                                                          
     100   1.00000e-21                                                          
     102   1.00000e-21                                                          
     104   1.00000e-21                                                          
     106   1.00000e-21                                                          
     108   1.00000e-21                                                          
     110   1.00000e-21                                                          
     114   1.00000e-21                                                          
     118   1.00000e-21                                                          
     121   1.00000e-21                                                          
     125   1.00000e-21                                                          
     127   1.00000e-21                                                          
     128   1.00000e-21                                                          
     130   1.00000e-21                                                          
     132   1.00000e-21                                                          
     134   1.00000e-21                                                          
     137   1.00000e-21                                                          
     140   1.00000e-21                                                          
     143   1.00000e-21                                                          
     147   1.00000e-21                                                          
     151   1.00000e-21                                                          
     155   1.00000e-21                                                          
     159   1.00000e-21                                                          
     162   1.00000e-21                                                          
     166   1.00000e-21                                                          
     170   1.00000e-21                                                          
     173   1.00000e-21                                                          
     177   1.00000e-21                                                          
     180   1.00000e-21                                                          
     182   1.00000e-21                                                          
     186   1.00000e-21                                                          
     191   1.00000e-21                                                          
     194   1.00000e-21                                                          
     198   1.00000e-21                                                          
     202   1.00000e-21                                                          
     205   1.00000e-21                                                          
     210   1.00000e-21                                                          
     216   1.00000e-21                                                          
     220   1.00000e-21                                                          
     223   1.00000e-21                                                          
     227   1.00000e-21                                                          
     230   1.00000e-21                                                          
     234   1.00000e-21                                                          
     240   1.00000e-21                                                          
     246   1.00000e-21                                                          
     252   1.00000e-21                                                          
     257   1.00000e-21                                                          
     260   1.00000e-21                                                          
     264   1.00000e-21                                                          
     268   1.00000e-21                                                          
     274   1.00000e-21                                                          
     278   1.00000e-21                                                          
     284   1.00000e-21                                                          
     290   1.00000e-21                                                          
     296   1.00000e-21                                                          
     301   1.00000e-21                                                          
     308   1.00000e-21                                                          
     318   1.00000e-21                                                          
     328   1.00000e-21                                                          
     338   1.00000e-21                                                          
     348   1.00000e-21                                                          
     357   1.00000e-21                                                          
     366   1.00000e-21                                                          
     375   1.00000e-21                                                          
     385   1.00000e-21                                                          
     395   1.00000e-21                                                          
     405   1.00000e-21                                                          
     414   1.00000e-21                                                          
     422   1.00000e-21                                                          
     430   1.00000e-21                                                          
     441   1.00000e-21                                                          
     451   1.00000e-21                                                          
     460   1.00000e-21                                                          
     470   1.00000e-21                                                          
     480   1.00000e-21                                                          
     490   1.00000e-21                                                          
     500   1.00000e-21                                                          
     506   1.00000e-21                                                          
     512   1.00000e-21                                                          
     520   1.00000e-21                                                          
     530   1.00000e-21                                                          
     540   1.00000e-21                                                          
     550   1.00000e-21                                                          
     560   1.00000e-21                                                          
     570   1.00000e-21                                                          
     580   1.00000e-21                                                          
     590   1.00000e-21                                                          
     600   1.00000e-21                                                          
     610   1.00000e-21                                                          
     620   1.00000e-21                                                          
     630   1.00000e-21                                                          
     640   1.00000e-21                                                          
     650   1.00000e-21                                                          
     658   1.00000e-21                                                          
     665   1.00000e-21                                                          
     675   1.00000e-21                                                          
     685   1.00000e-21                                                          
     695   1.00000e-21                                                          
     705   1.00000e-21                                                          
     716   1.00000e-21                                                          
     726   1.00000e-21                                                          
     735   1.00000e-21                                                          
     745   1.00000e-21                                                          
     755   1.00000e-21                                                          
     765   1.00000e-21                                                          
     775   1.00000e-21                                                          
     785   1.00000e-21                                                          
     795   1.00000e-21                                                          
     805   1.00000e-21                                                          
     815   1.00000e-21                                                          
     825   1.00000e-21                                                          
     835   1.00000e-21                                                          
     845   1.00000e-21                                                          
     855   1.00000e-21                                                          
     865   1.00000e-21                                                          
     875   1.00000e-21                                                          
     885   1.00000e-21                                                          
     895   1.00000e-21                                                          
     905   1.00000e-21                                                          
     915   1.00000e-21                                                          
     925   1.43375e-15                                                          
     935   1.87703e-15                                                          
     945   3.75788e-15                                                          
     955   5.23991e-15                                                          
     965   1.24686e-14                                                          
     975   2.03876e-14                                                          
     985   3.49730e-14                                                          
     995   7.41747e-14                                                          
    1005   1.01085e-13                                                          
    1015   1.65845e-13                                                          
    1025   2.77152e-13                                                          
    1035   5.68383e-13                                                          
    1045   9.25349e-13                                                          
    1055   1.39932e-12                                                          
    1065   2.44682e-12                                                          
    1075   3.84004e-12                                                          
    1085   7.45554e-12                                                          
    1095   1.18084e-11                                                          
    1105   1.56616e-11                                                          
    1115   2.85328e-11                                                          
    1125   5.16677e-11                                                          
    1135   1.01456e-10                                                          
    1145   1.70881e-10                                                          
    1155   2.73575e-10                                                          
    1165   4.04107e-10                                                          
    1175   7.18316e-10                                                          
    1185   9.51497e-10                                                          
    1195   1.23148e-09                                                          
    1205   1.34508e-09                                                          
    1215   8.58868e-10                                                          
    1225   2.58186e-09                                                          
    1235   5.75069e-09                                                          
    1245   9.00988e-09                                                          
    1255   1.39315e-08                                                          
    1265   1.82660e-08                                                          
    1275   2.64203e-08                                                          
    1285   2.98946e-08                                                          
    1295   4.09020e-08                                                          
    1305   5.49462e-08                                                          
    1315   7.42224e-08                                                          
    1325   9.37342e-08                                                          
    1335   1.13046e-07                                                          
    1345   1.59808e-07                                                          
    1355   2.16037e-07                                                          
    1365   2.56757e-07                                                          
    1375   2.85911e-07                                                          
    1385   3.68442e-07                                                          
    1395   4.16993e-07                                                          
    1405   6.03824e-07                                                          
    1415   7.70868e-07                                                          
    1425   8.41109e-07                                                          
    1435   1.24242e-06                                                          
    1442   1.66643e-06                                                          
    1447   1.45746e-06                                                          
    1455   1.87730e-06                                                          
    1465   2.59923e-06                                                          
    1475   3.25441e-06                                                          
    1485   3.43564e-06                                                          
    1495   5.29292e-06                                                          
    1505   6.99482e-06                                                          
    1512   4.87794e-06                                                          
    1517   7.44476e-06                                                          
    1525   9.74960e-06                                                          
    1535   1.24832e-05                                                          
    1545   1.11797e-05                                                          
    1555   1.58737e-05                                                          
    1565   1.81798e-05                                                          
    1575   2.71553e-05                                                          
    1585   3.21919e-05                                                          
    1595   3.52366e-05                                                          
    1605   4.15669e-05                                                          
    1615   4.88914e-05                                                          
    1625   5.46674e-05                                                          
    1635   7.19666e-05                                                          
    1645   8.86075e-05                                                          
    1655   1.00814e-04                                                          
    1665   1.27131e-04                                                          
    1672   1.27454e-04                                                          
    1677   1.54258e-04                                                          
    1685   1.91130e-04                                                          
    1695   2.41998e-04                                                          
    1705   2.73670e-04                                                          
    1715   3.18373e-04                                                          
    1725   3.96751e-04                                                          
    1735   4.66008e-04                                                          
    1745   5.80874e-04                                                          
    1755   6.49260e-04                                                          
    1765   7.59253e-04                                                          
    1775   8.53107e-04                                                          
    1785   1.17157e-03                                                          
    1795   1.21993e-03                                                          
    1805   1.64206e-03                                                          
    1815   1.60384e-03                                                          
    1825   2.09369e-03                                                          
    1835   2.19148e-03                                                          
    1845   2.81451e-03                                                          
    1855   2.79079e-03                                                          
    1865   3.66968e-03                                                          
    1875   3.81722e-03                                                          
    1885   4.64181e-03                                                          
    1895   5.55167e-03                                                          
    1905   6.23802e-03                                                          
    1915   7.78415e-03                                                          
    1925   7.78957e-03                                                          
    1935   7.29131e-03                                                          
    1945   1.04061e-02                                                          
    1955   1.30421e-02                                                          
    1967   1.48379e-02                                                          
    1976   1.66839e-02                                                          
    1984   1.99632e-02                                                          
    1995   2.01935e-02                                                          
    2005   2.33088e-02                                                          
    2015   2.66293e-02                                                          
    2025   2.77993e-02                                                          
    2035   3.30109e-02                                                          
    2045   3.57770e-02                                                          
    2055   4.10975e-02                                                          
    2065   4.32764e-02                                                          
    2074   4.44879e-02                                                          
    2078   6.60114e-02                                                          
    2085   8.57140e-02                                                          
    2095   9.42937e-02                                                          
    2105   9.15570e-02                                                          
    2115   9.93387e-02                                                          
    2125   1.13766e-01                                                          
    2135   1.39013e-01                                                          
    2145   1.23510e-01                                                          
    2155   1.45062e-01                                                          
    2165   1.48854e-01                                                          
    2175   1.68105e-01                                                          
    2185   1.67512e-01                                                          
    2195   2.37789e-01                                                          
    2205   2.22741e-01                                                          
    2215   2.61258e-01                                                          
    2225   2.52157e-01                                                          
    2235   3.52725e-01                                                          
    2245   3.96176e-01                                                          
    2255   4.73746e-01                                                          
    2265   3.38184e-01                                                          
    2275   5.23586e-01                                                          
    2285   5.26960e-01                                                          
    2295   7.78079e-01                                                          
    2305   4.47097e-01                                                          
    2315   9.84312e-01                                                          
    2325   8.58888e-01                                                          
    2335   1.21700e+00                                                          
    2345   8.91926e-01                                                          
    2355   8.61081e-01                                                          
    2365   1.06107e+00                                                          
    2375   1.07809e+00                                                          
    2385   1.59065e+00                                                          
    2395   1.53276e+00                                                          
    2405   2.46488e+00                                                          
    2415   1.77790e+00                                                          
    2425   2.12871e+00                                                          
    2435   2.95726e+00                                                          
    2445   3.81614e+00                                                          
    2455   4.37724e+00                                                          
    2465   3.16004e+00                                                          
    2475   4.98588e+00                                                          
    2485   2.59186e+00                                                          
    2495   3.00128e+00                                                          
    2505   4.86355e+00                                                          
    2513   3.90978e+00                                                          
    2518   4.41382e+00                                                          
    2525   5.02643e+00                                                          
    2535   9.19537e+00                                                          
    2545   1.11365e+01                                                          
    2555   1.19222e+01                                                          
    2565   7.55657e+00                                                          
    2575   1.11165e+01                                                          
    2585   8.95704e+00                                                          
    2595   1.03450e+01                                                          
    2605   1.36460e+01                                                          
    2615   1.26517e+01                                                          
    2625   1.85411e+01                                                          
    2635   2.64593e+01                                                          
    2645   2.19144e+01                                                          
    2655   2.90614e+01                                                          
    2665   2.63549e+01                                                          
    2675   2.42126e+01                                                          
    2685   3.10953e+01                                                          
    2695   2.41270e+01                                                          
    2705   3.78597e+01                                                          
    2715   3.72950e+01                                                          
    2725   3.40665e+01                                                          
    2735   3.51580e+01                                                          
    2745   4.92907e+01                                                          
    2755   4.64373e+01                                                          
    2765   6.24491e+01                                                          
    2775   8.08377e+01                                                          
    2785   5.70888e+01                                                          
    2795   8.04157e+01                                                          
    2805   7.84244e+01                                                          
    2815   7.58419e+01                                                          
    2825   8.01097e+01                                                          
    2835   7.24987e+01                                                          
    2845   6.12710e+01                                                          
    2855   3.84657e+01                                                          
    2865   9.05313e+01                                                          
    2875   9.32380e+01                                                          
    2885   1.41613e+02                                                          
    2895   1.66189e+02                                                          
    2910   2.09017e+02                                                          
    2930   2.20882e+02                                                          
    2950   2.12936e+02                                                          
    2970   2.05986e+02                                                          
    2990   2.51058e+02                                                          
    3010   2.75899e+02                                                          
    3030   3.27036e+02                                                          
    3050   3.92603e+02                                                          
    3070   3.98714e+02                                                          
    3090   3.98982e+02                                                          
    3110   5.77671e+02                                                          
    3130   5.84842e+02                                                          
    3150   7.92437e+02                                                          
    3170   1.13572e+03                                                          
    3190   9.99628e+02                                                          
    3210   1.25490e+03                                                          
    3230   1.38286e+03                                                          
    3250   1.99338e+03                                                          
    3270   2.51488e+03                                                          
    3290   3.32871e+03                                                          
    3310   3.03960e+03                                                          
    3330   3.64772e+03                                                          
    3350   3.60194e+03                                                          
    3370   2.73551e+03                                                          
    3390   3.66437e+03                                                          
    3410   4.08207e+03                                                          
    3430   4.24346e+03                                                          
    3450   3.67806e+03                                                          
    3470   3.66217e+03                                                          
    3490   4.74830e+03                                                          
    3510   6.53523e+03                                                          
    3530   6.29124e+03                                                          
    3550   9.19743e+03                                                          
    3570   4.56253e+03                                                          
    3590   3.87978e+03                                                          
    3610   6.19244e+03                                                          
    3630   8.34138e+03                                                          
    3640   9.43979e+03                                                          
    3650   1.02720e+04                                                          
    3670   1.39665e+04                                                          
    3690   1.05878e+04                                                          
    3710   8.35013e+03                                                          
    3730   4.17347e+03                                                          
    3750   5.45363e+03                                                          
    3770   1.24465e+04                                                          
    3790   1.36504e+04                                                          
    3810   1.28235e+04                                                          
    3830   6.02712e+03                                                          
    3850   1.01540e+04                                                          
    3870   9.19501e+03                                                          
    3890   1.00176e+04                                                          
    3910   1.46138e+04                                                          
    3930   6.60794e+03                                                          
    3950   1.32326e+04                                                          
    3970   9.58977e+03                                                          
    3990   2.51402e+04                                                          
    4010   3.20045e+04                                                          
    4030   2.46370e+04                                                          
    4050   2.87106e+04                                                          
    4070   2.59852e+04                                                          
    4090   3.74215e+04                                                          
    4110   2.84251e+04                                                          
    4130   3.14702e+04                                                          
    4150   3.09337e+04                                                          
    4170   3.22134e+04                                                          
    4190   3.15084e+04                                                          
    4210   2.06444e+04                                                          
    4230   8.94775e+03                                                          
    4250   2.09739e+04                                                          
    4270   2.67215e+04                                                          
    4290   2.72939e+04                                                          
    4310   3.01831e+04                                                          
    4330   4.29737e+04                                                          
    4350   4.72963e+04                                                          
    4370   4.99890e+04                                                          
    4390   4.23173e+04                                                          
    4410   4.23530e+04                                                          
    4430   4.08368e+04                                                          
    4450   4.54361e+04                                                          
    4470   4.97801e+04                                                          
    4490   5.39445e+04                                                          
    4510   5.98875e+04                                                          
    4530   4.99697e+04                                                          
    4550   5.52328e+04                                                          
    4570   6.30508e+04                                                          
    4590   5.22554e+04                                                          
    4610   5.81864e+04                                                          
    4630   5.22973e+04                                                          
    4650   5.22538e+04                                                          
    4670   5.53483e+04                                                          
    4690   5.55478e+04                                                          
    4710   5.43905e+04                                                          
    4730   5.25728e+04                                                          
    4750   5.17101e+04                                                          
    4770   3.54087e+04                                                          
    4790   4.16556e+04                                                          
    4810   4.23310e+04                                                          
    4830   4.79063e+04                                                          
    4850   5.22593e+04                                                          
    4870   5.72512e+04                                                          
    4890   6.30123e+04                                                          
    4910   6.59869e+04                                                          
    4930   6.66219e+04                                                          
    4950   5.25085e+04                                                          
    4970   3.91420e+04                                                          
    4990   4.22414e+04                                                          
    5010   3.70829e+04                                                          
    5030   4.33321e+04                                                          
    5050   4.38472e+04                                                          
    5070   4.41224e+04                                                          
    5090   4.52122e+04                                                          
    5110   4.76828e+04                                                          
    5130   4.66784e+04                                                          
    5150   4.42688e+04                                                          
    5170   3.37890e+04                                                          
    5190   3.87530e+04                                                          
    5210   4.61129e+04                                                          
    5230   7.07808e+04                                                          
    5250   7.77171e+04                                                          
    5270   6.76379e+04                                                          
    5290   8.86176e+04                                                          
    5310   9.23106e+04                                                          
    5330   8.31431e+04                                                          
    5350   8.97204e+04                                                          
    5370   8.83007e+04                                                          
    5390   9.16504e+04                                                          
    5410   9.33176e+04                                                          
    5430   9.25420e+04                                                          
    5450   6.50162e+04                                                          
    5470   6.93550e+04                                                          
    5490   7.46674e+04                                                          
    5510   7.14207e+04                                                          
    5530   8.58922e+04                                                          
    5550   9.10750e+04                                                          
    5570   9.68693e+04                                                          
    5590   9.44428e+04                                                          
    5610   7.36067e+04                                                          
    5630   8.43020e+04                                                          
    5650   9.47465e+04                                                          
    5670   9.52431e+04                                                          
    5690   1.06886e+05                                                          
    5710   1.06746e+05                                                          
    5730   1.20597e+05                                                          
    5750   1.18512e+05                                                          
    5770   1.06291e+05                                                          
    5790   1.13575e+05                                                          
    5810   1.06492e+05                                                          
    5830   1.12886e+05                                                          
    5850   1.10349e+05                                                          
    5870   1.00456e+05                                                          
    5890   9.12821e+04                                                          
    5910   9.73190e+04                                                          
    5930   9.83960e+04                                                          
    5950   9.93310e+04                                                          
    5970   1.04309e+05                                                          
    5990   1.09188e+05                                                          
    6010   1.12629e+05                                                          
    6030   1.20732e+05                                                          
    6050   1.26209e+05                                                          
    6070   1.30697e+05                                                          
    6090   1.31537e+05                                                          
    6110   1.30870e+05                                                          
    6130   1.27072e+05                                                          
    6150   1.27487e+05                                                          
    6170   8.87418e+04                                                          
    6190   9.43660e+04                                                          
    6210   8.58049e+04                                                          
    6230   7.94279e+04                                                          
    6250   8.39120e+04                                                          
    6270   9.06556e+04                                                          
    6290   1.00112e+05                                                          
    6310   1.07249e+05                                                          
    6330   1.07001e+05                                                          
    6350   1.08632e+05                                                          
    6370   1.11486e+05                                                          
    6390   1.10674e+05                                                          
    6410   1.07148e+05                                                          
    6430   1.08730e+05                                                          
    6450   1.06371e+05                                                          
    6470   1.05972e+05                                                          
    6490   1.04585e+05                                                          
    6510   1.13191e+05                                                          
    6530   1.14265e+05                                                          
    6550   1.12277e+05                                                          
    6570   1.12158e+05                                                          
    6590   1.13933e+05                                                          
    6610   1.12786e+05                                                          
    6630   1.10789e+05                                                          
    6650   1.14153e+05                                                          
    6670   1.01923e+05                                                          
    6690   8.58328e+04                                                          
    6710   7.53608e+04                                                          
    6730   7.21759e+04                                                          
    6750   7.15357e+04                                                          
    6770   7.03680e+04                                                          
    6790   6.92336e+04                                                          
    6810   7.36680e+04                                                          
    6830   7.77744e+04                                                          
    6850   7.96107e+04                                                          
    6870   8.31039e+04                                                          
    6890   8.94879e+04                                                          
    6910   9.72961e+04                                                          
    6930   9.85157e+04                                                          
    6950   1.08280e+05                                                          
    6970   1.15812e+05                                                          
    6990   1.21343e+05                                                          
    7010   1.32170e+05                                                          
    7030   1.35983e+05                                                          
    7050   1.41616e+05                                                          
    7070   1.34441e+05                                                          
    7090   9.34610e+04                                                          
    7110   7.09296e+04                                                          
    7130   6.85602e+04                                                          
    7150   6.51794e+04                                                          
    7170   6.75898e+04                                                          
    7190   6.83161e+04                                                          
    7210   6.95731e+04                                                          
    7230   7.77731e+04                                                          
    7250   8.59022e+04                                                          
    7270   9.50525e+04                                                          
    7290   1.02021e+05                                                          
    7310   1.15969e+05                                                          
    7330   1.23102e+05                                                          
    7350   1.32615e+05                                                          
    7370   1.41473e+05                                                          
    7390   1.49303e+05                                                          
    7410   1.57905e+05                                                          
    7430   1.62703e+05                                                          
    7450   1.64065e+05                                                          
    7470   1.72671e+05                                                          
    7490   1.74666e+05                                                          
    7510   1.78580e+05                                                          
    7530   1.82880e+05                                                          
    7550   1.83366e+05                                                          
    7570   1.83635e+05                                                          
    7590   1.84463e+05                                                          
    7610   1.75371e+05                                                          
    7630   1.44878e+05                                                          
    7650   1.26348e+05                                                          
    7670   1.16970e+05                                                          
    7690   1.07452e+05                                                          
    7710   1.07083e+05                                                          
    7730   1.04354e+05                                                          
    7750   1.06737e+05                                                          
    7770   1.02551e+05                                                          
    7790   1.12056e+05                                                          
    7810   1.11182e+05                                                          
    7830   1.08037e+05                                                          
    7850   1.02569e+05                                                          
    7870   1.12959e+05                                                          
    7890   1.10006e+05                                                          
    7910   1.10472e+05                                                          
    7930   1.15979e+05                                                          
    7950   1.21248e+05                                                          
    7970   1.23710e+05                                                          
    7990   1.32171e+05                                                          
    8010   1.42541e+05                                                          
    8030   1.40629e+05                                                          
    8050   1.47803e+05                                                          
    8070   1.55135e+05                                                          
    8090   1.58544e+05                                                          
    8110   1.67153e+05                                                          
    8130   1.74470e+05                                                          
    8150   1.79120e+05                                                          
    8170   1.82636e+05                                                          
    8190   1.77868e+05                                                          
    8210   1.88707e+05                                                          
    8230   1.91473e+05                                                          
    8250   1.87885e+05                                                          
    8270   1.89362e+05                                                          
    8290   1.88205e+05                                                          
    8310   1.81952e+05                                                          
    8330   1.73977e+05                                                          
    8350   1.77169e+05                                                          
    8370   1.76049e+05                                                          
    8390   1.68039e+05                                                          
    8410   1.67805e+05                                                          
    8430   1.36464e+05                                                          
    8450   1.06796e+05                                                          
    8470   1.13763e+05                                                          
    8490   1.14084e+05                                                          
    8510   1.12013e+05                                                          
    8530   1.18492e+05                                                          
    8550   1.23264e+05                                                          
    8570   1.27743e+05                                                          
    8590   1.34075e+05                                                          
    8610   1.42385e+05                                                          
    8630   1.49112e+05                                                          
    8650   1.54403e+05                                                          
    8670   1.50273e+05                                                          
    8690   1.61274e+05                                                          
    8710   1.69323e+05                                                          
    8730   1.74543e+05                                                          
    8750   1.75500e+05                                                          
    8770   1.79190e+05                                                          
    8790   1.84305e+05                                                          
    8810   1.84458e+05                                                          
    8830   1.85530e+05                                                          
    8850   1.89225e+05                                                          
    8870   1.87275e+05                                                          
    8890   1.90469e+05                                                          
    8910   1.92817e+05                                                          
    8930   1.92075e+05                                                          
    8950   1.92670e+05                                                          
    8970   1.94196e+05                                                          
    8990   1.97235e+05                                                          
    9010   1.93155e+05                                                          
    9030   1.96903e+05                                                          
    9050   1.99431e+05                                                          
    9070   2.00826e+05                                                          
    9090   1.96649e+05                                                          
    9110   1.97723e+05                                                          
    9130   2.00627e+05                                                          
    9150   1.99679e+05                                                          
    9170   2.00991e+05                                                          
    9190   2.00316e+05                                                          
    9210   1.83444e+05                                                          
    9230   1.72416e+05                                                          
    9250   1.73872e+05                                                          
    9270   1.69717e+05                                                          
    9290   1.61595e+05                                                          
    9310   1.65080e+05                                                          
    9330   1.67032e+05                                                          
    9350   1.62518e+05                                                          
    9370   1.62631e+05                                                          
    9390   1.69406e+05                                                          
    9410   1.68686e+05                                                          
    9430   1.68336e+05                                                          
    9450   1.70283e+05                                                          
    9470   1.75822e+05                                                          
    9490   1.76533e+05                                                          
    9510   1.78072e+05                                                          
    9530   1.80085e+05                                                          
    9550   1.79384e+05                                                          
    9570   1.81948e+05                                                          
    9590   1.86366e+05                                                          
    9610   1.84812e+05                                                          
    9630   1.88791e+05                                                          
    9650   1.83721e+05                                                          
    9670   1.85616e+05                                                          
    9690   1.91186e+05                                                          
    9710   1.89648e+05                                                          
    9730   1.87958e+05                                                          
    9750   1.90303e+05                                                          
    9770   1.92552e+05                                                          
    9790   1.88726e+05                                                          
    9810   1.95546e+05                                                          
    9830   1.93671e+05                                                          
    9850   1.96655e+05                                                          
    9870   1.96844e+05                                                          
    9890   1.97238e+05                                                          
    9910   1.96589e+05                                                          
    9930   1.96491e+05                                                          
    9950   1.97047e+05                                                          
    9970   1.97149e+05                                                          
    9990   1.97863e+05                                                          
   10025   1.95935e+05                                                          
   10075   1.95413e+05                                                          
   10125   1.95102e+05                                                          
   10175   1.92644e+05                                                          
   10225   1.89859e+05                                                          
   10275   1.88845e+05                                                          
   10325   1.85884e+05                                                          
   10375   1.85278e+05                                                          
   10425   1.86451e+05                                                          
   10475   1.85615e+05                                                          
   10525   1.86508e+05                                                          
   10575   1.85799e+05                                                          
   10625   1.86784e+05                                                          
   10675   1.85112e+05                                                          
   10725   1.85288e+05                                                          
   10775   1.85555e+05                                                          
   10825   1.83886e+05                                                          
   10875   1.85160e+05                                                          
   10925   1.85328e+05                                                          
   10975   1.85017e+05                                                          
   11025   1.83954e+05                                                          
   11075   1.83226e+05                                                          
   11125   1.82726e+05                                                          
   11175   1.81536e+05                                                          
   11225   1.81711e+05                                                          
   11275   1.79415e+05                                                          
   11325   1.79452e+05                                                          
   11375   1.76756e+05                                                          
   11425   1.74762e+05                                                          
   11475   1.77750e+05                                                          
   11525   1.77800e+05                                                          
   11575   1.76241e+05                                                          
   11625   1.73388e+05                                                          
   11675   1.73384e+05                                                          
   11725   1.74813e+05                                                          
   11775   1.71066e+05                                                          
   11825   1.71852e+05                                                          
   11875   1.69676e+05                                                          
   11925   1.72110e+05                                                          
   11975   1.67917e+05                                                          
   12025   1.70603e+05                                                          
   12075   1.69210e+05                                                          
   12125   1.69326e+05                                                          
   12175   1.68820e+05                                                          
   12225   1.68188e+05                                                          
   12275   1.67354e+05                                                          
   12325   1.66354e+05                                                          
   12375   1.66046e+05                                                          
   12425   1.64479e+05                                                          
   12475   1.64304e+05                                                          
   12525   1.62605e+05                                                          
   12575   1.62664e+05                                                          
   12625   1.61875e+05                                                          
   12675   1.60570e+05                                                          
   12725   1.60592e+05                                                          
   12775   1.60477e+05                                                          
   12825   1.56406e+05                                                          
   12875   1.58037e+05                                                          
   12925   1.56264e+05                                                          
   12975   1.57797e+05                                                          
   13025   1.56538e+05                                                          
   13075   1.56613e+05                                                          
   13125   1.52756e+05                                                          
   13175   1.53526e+05                                                          
   13225   1.54678e+05                                                          
   13275   1.53114e+05                                                          
   13325   1.52608e+05                                                          
   13375   1.52944e+05                                                          
   13425   1.52552e+05                                                          
   13475   1.52129e+05                                                          
   13525   1.51432e+05                                                          
   13575   1.50696e+05                                                          
   13625   1.48823e+05                                                          
   13675   1.49828e+05                                                          
   13725   1.49706e+05                                                          
   13775   1.48962e+05                                                          
   13825   1.48759e+05                                                          
   13875   1.46953e+05                                                          
   13925   1.47823e+05                                                          
   13975   1.47437e+05                                                          
   14025   1.46022e+05                                                          
   14075   1.46590e+05                                                          
   14125   1.45818e+05                                                          
   14175   1.45735e+05                                                          
   14225   1.44973e+05                                                          
   14275   1.41611e+05                                                          
   14325   1.44253e+05                                                          
   14375   1.43797e+05                                                          
   14425   1.42560e+05                                                          
   14475   1.43305e+05                                                          
   14525   1.42502e+05                                                          
   14570   1.42092e+05                                                          
   14620   1.42361e+05                                                          
   14675   1.42126e+05                                                          
   14725   1.41046e+05                                                          
   14775   1.40599e+05                                                          
   14825   1.41169e+05                                                          
   14875   1.39316e+05                                                          
   14925   1.41135e+05                                                          
   14975   1.40419e+05                                                          
   15025   1.36357e+05                                                          
   15075   1.38024e+05                                                          
   15125   1.39875e+05                                                          
   15175   1.38632e+05                                                          
   15225   1.39834e+05                                                          
   15275   1.39768e+05                                                          
   15325   1.39312e+05                                                          
   15375   1.40020e+05                                                          
   15425   1.40046e+05                                                          
   15475   1.40250e+05                                                          
   15525   1.39298e+05                                                          
   15575   1.38968e+05                                                          
   15625   1.39166e+05                                                          
   15675   1.39163e+05                                                          
   15725   1.38527e+05                                                          
   15775   1.35737e+05                                                          
   15825   1.38003e+05                                                          
   15875   1.38058e+05                                                          
   15925   1.39103e+05                                                          
   15975   1.38069e+05                                                          
   16050   1.40045e+05                                                          
   16150   1.38293e+05                                                          
   16250   1.38331e+05                                                          
   16350   1.38393e+05                                                          
   16450   1.36485e+05                                                          
   16550   1.34990e+05                                                          
   16650   1.32382e+05                                                          
   16750   1.28503e+05                                                          
   16850   1.27975e+05                                                          
   16950   1.25989e+05                                                          
   17050   1.23282e+05                                                          
   17150   1.20821e+05                                                          
   17250   1.18981e+05                                                          
   17350   1.17307e+05                                                          
   17450   1.15060e+05                                                          
   17550   1.13192e+05                                                          
   17650   1.11524e+05                                                          
   17750   1.09453e+05                                                          
   17850   1.08147e+05                                                          
   17950   1.06060e+05                                                          
   18050   1.03813e+05                                                          
   18150   1.02250e+05                                                          
   18250   1.00524e+05                                                          
   18350   9.88296e+04                                                          
   18450   9.63274e+04                                                          
   18550   9.59294e+04                                                          
   18650   9.40105e+04                                                          
   18750   9.28262e+04                                                          
   18850   9.11521e+04                                                          
   18950   8.84428e+04                                                          
   19050   8.82106e+04                                                          
   19150   8.66672e+04                                                          
   19250   8.54875e+04                                                          
   19350   8.25981e+04                                                          
   19450   8.10948e+04                                                          
   19550   8.03175e+04                                                          
   19650   8.02506e+04                                                          
   19750   7.72203e+04                                                          
   19850   7.59299e+04                                                          
   19950   7.53363e+04                                                          
   20050   7.56159e+04                                                          
   20150   7.43444e+04                                                          
   20250   7.27376e+04                                                          
   20350   7.20303e+04                                                          
   20450   7.10379e+04                                                          
   20550   6.98939e+04                                                          
   20650   6.87462e+04                                                          
   20750   6.77760e+04                                                          
   20850   6.65978e+04                                                          
   20950   6.51985e+04                                                          
   21050   6.46022e+04                                                          
   21150   6.34914e+04                                                          
   21250   6.27439e+04                                                          
   21350   6.19523e+04                                                          
   21450   6.10372e+04                                                          
   21550   6.00176e+04                                                          
   21650   5.93109e+04                                                          
   21750   5.80342e+04                                                          
   21850   5.74916e+04                                                          
   21950   5.64961e+04                                                          
   22050   5.41128e+04                                                          
   22150   5.50894e+04                                                          
   22250   5.34157e+04                                                          
   22350   5.31116e+04                                                          
   22450   5.24206e+04                                                          
   22550   5.19661e+04                                                          
   22650   5.05172e+04                                                          
   22750   5.05097e+04                                                          
   22850   4.95793e+04                                                          
   22950   4.34017e+04                                                          
   23050   4.55199e+04                                                          
   23150   4.54095e+04                                                          
   23250   4.00439e+04                                                          
   23350   4.20374e+04                                                          
   23450   4.25933e+04                                                          
   23550   3.79793e+04                                                          
   23650   4.02916e+04                                                          
   23750   4.04377e+04                                                          
   23850   3.65872e+04                                                          
   23950   3.82955e+04                                                          
   24050   3.86681e+04                                                          
   24150   3.55831e+04                                                          
   24250   3.67849e+04                                                          
   24350   3.71670e+04                                                          
   24450   3.52528e+04                                                          
   24550   3.49264e+04                                                          
   24650   3.58573e+04                                                          
   24750   3.47577e+04                                                          
   24850   3.37095e+04                                                          
   24950   3.41353e+04                                                          
   25050   3.45990e+04                                                          
   25150   3.27433e+04                                                          
   25250   3.32217e+04                                                          
   25350   3.31860e+04                                                          
   25450   3.24610e+04                                                          
   25550   3.21394e+04                                                          
   25650   3.20005e+04                                                          
   25750   3.18935e+04                                                          
   25850   3.09868e+04                                                          
   25950   3.09158e+04                                                          
   26050   3.08026e+04                                                          
   26150   3.04693e+04                                                          
   26250   3.00618e+04                                                          
   26350   2.98444e+04                                                          
   26450   2.95403e+04                                                          
   26550   2.92859e+04                                                          
   26650   2.87086e+04                                                          
   26750   2.88429e+04                                                          
   26850   2.84422e+04                                                          
   26950   2.80713e+04                                                          
   27050   2.78101e+04                                                          
   27150   2.75389e+04                                                          
   27250   2.72403e+04                                                          
   27350   2.69052e+04                                                          
   27450   2.66633e+04                                                          
   27550   2.64401e+04                                                          
   27650   2.60626e+04                                                          
   27750   2.57458e+04                                                          
   27850   2.55025e+04                                                          
   27950   2.52651e+04                                                          
   28050   2.49466e+04                                                          
   28150   2.45941e+04                                                          
   28250   2.43692e+04                                                          
   28350   2.41334e+04                                                          
   28450   2.38441e+04                                                          
   28550   2.35552e+04                                                          
   28650   2.32976e+04                                                          
   28750   2.30458e+04                                                          
   28850   2.27754e+04                                                          
   28950   2.25139e+04                                                          
   29050   2.22028e+04                                                          
   29150   2.19604e+04                                                          
   29250   2.14714e+04                                                          
   29350   2.14367e+04                                                          
   29450   2.12415e+04                                                          
   29550   2.10005e+04                                                          
   29650   2.07691e+04                                                          
   29750   2.05389e+04                                                          
   29850   2.02804e+04                                                          
   29950   2.00369e+04                                                          
   30050   1.98334e+04                                                          
   30150   1.96137e+04                                                          
   30250   1.93558e+04                                                          
   30350   1.91646e+04                                                          
   30450   1.89627e+04                                                          
   30550   1.87359e+04                                                          
   30650   1.85092e+04                                                          
   30750   1.83256e+04                                                          
   30850   1.80482e+04                                                          
   30950   1.79155e+04                                                          
   31050   1.77145e+04                                                          
   31150   1.74514e+04                                                          
   31250   1.73301e+04                                                          
   31350   1.71147e+04                                                          
   31450   1.69358e+04                                                          
   31550   1.67551e+04                                                          
   31650   1.65392e+04                                                          
   31750   1.63983e+04                                                          
   31850   1.62187e+04                                                          
   31950   1.60433e+04                                                          
   32100   1.57820e+04                                                          
   32300   1.54343e+04                                                          
   32500   1.51098e+04                                                          
   32700   1.47820e+04                                                          
   32900   1.44732e+04                                                          
   33100   1.41598e+04                                                          
   33300   1.38551e+04                                                          
   33500   1.35844e+04                                                          
   33700   1.32948e+04                                                          
   33900   1.30132e+04                                                          
   34100   1.27001e+04                                                          
   34300   1.24933e+04                                                          
   34500   1.22421e+04                                                          
   34700   1.19958e+04                                                          
   34900   1.17524e+04                                                          
   35100   1.15205e+04                                                          
   35300   1.12854e+04                                                          
   35500   1.10654e+04                                                          
   35700   1.08420e+04                                                          
   35900   1.06304e+04                                                          
   36100   1.04246e+04                                                          
   36300   1.02199e+04                                                          
   36500   1.00200e+04                                                          
   36700   9.81762e+03                                                          
   36900   9.61812e+03                                                          
   37100   9.42932e+03                                                          
   37300   9.26297e+03                                                          
   37500   9.09195e+03                                                          
   37700   8.92486e+03                                                          
   37900   8.75578e+03                                                          
   38100   8.59388e+03                                                          
   38300   8.43569e+03                                                          
   38500   8.27870e+03                                                          
   38700   8.09487e+03                                                          
   38900   7.97064e+03                                                          
   39100   7.83142e+03                                                          
   39300   7.68825e+03                                                          
   39500   7.52689e+03                                                          
   39700   7.40422e+03                                                          
   39900   7.24303e+03                                                          
   40100   7.13218e+03                                                          
   40300   7.02118e+03                                                          
   40500   6.87393e+03                                                          
   40700   6.77309e+03                                                          
   40900   6.65461e+03                                                          
   41100   6.53612e+03                                                          
   41300   6.42537e+03                                                          
   41500   6.31304e+03                                                          
   41700   6.20339e+03                                                          
   41900   6.07471e+03                                                          
   42100   5.97843e+03                                                          
   42300   5.89073e+03                                                          
   42500   5.78675e+03                                                          
   42700   5.69229e+03                                                          
   42900   5.33570e+03                                                          
   43100   4.95068e+03                                                          
   43300   4.92737e+03                                                          
   43500   4.63457e+03                                                          
   43700   4.43281e+03                                                          
   43900   4.30148e+03                                                          
   44100   4.10964e+03                                                          
   44300   3.98902e+03                                                          
   44500   3.91891e+03                                                          
   44700   3.75351e+03                                                          
   44900   3.73823e+03                                                          
   45100   3.61176e+03                                                          
   45300   3.54114e+03                                                          
   45500   3.52305e+03                                                          
   45700   3.48803e+03                                                          
   45900   3.38479e+03                                                          
   46100   3.40649e+03                                                          
   46300   3.34378e+03                                                          
   46500   3.34143e+03                                                          
   46700   3.35675e+03                                                          
   46900   3.26941e+03                                                          
   47100   3.21851e+03                                                          
   47300   3.26028e+03                                                          
   47500   3.15502e+03                                                          
   47700   3.12261e+03                                                          
   47900   3.12654e+03                                                          
   48100   3.01279e+03                                                          
   48300   3.05918e+03                                                          
   48500   3.00617e+03                                                          
   48700   2.92637e+03                                                          
   48900   2.87164e+03                                                          
   49100   2.87162e+03                                                          
   49300   2.80786e+03                                                          
   49500   2.75497e+03                                                          
   49700   2.76018e+03                                                          
   49900   2.72490e+03                                                          
   50100   2.67361e+03                                                          
   50300   2.65050e+03                                                          
   50500   2.58972e+03                                                          
   50700   2.58817e+03                                                          
   50900   2.55718e+03                                                          
   51100   2.50680e+03                                                          
   51300   2.52575e+03                                                          
   51500   2.46232e+03                                                          
   51700   2.45945e+03                                                          
   51900   2.41053e+03                                                          
   52100   2.40500e+03                                                          
   52300   2.35337e+03                                                          
   52500   2.34500e+03                                                          
   52700   2.33872e+03                                                          
   52900   2.27659e+03                                                          
   53100   2.25985e+03                                                          
   53300   2.24626e+03                                                          
   53500   2.22447e+03                                                          
   53700   2.20951e+03                                                          
   53900   2.18411e+03                                                          
   54100   2.16336e+03                                                          
   54300   2.11312e+03                                                          
   54500   2.11727e+03                                                          
   54700   2.08959e+03                                                          
   54900   2.06532e+03                                                          
   55100   2.04435e+03                                                          
   55300   2.06002e+03                                                          
   55500   1.99272e+03                                                          
   55700   2.00313e+03                                                          
   55900   1.96895e+03                                                          
   56100   1.95287e+03                                                          
   56300   1.91875e+03                                                          
   56500   1.91552e+03                                                          
   56700   1.89501e+03                                                          
   56900   1.86109e+03                                                          
   57100   1.85896e+03                                                          
   57300   1.83402e+03                                                          
   57500   1.81443e+03                                                          
   57700   1.79125e+03                                                          
   57900   1.78280e+03                                                          
   58100   1.75218e+03                                                          
   58300   1.73619e+03                                                          
   58500   1.71950e+03                                                          
   58700   1.69204e+03                                                          
   58900   1.67521e+03                                                          
   59100   1.66049e+03                                                          
   59300   1.64164e+03                                                          
   59500   1.62147e+03                                                          
   59700   1.60864e+03                                                          
   59900   1.58923e+03                                                          
   60100   1.57230e+03                                                          
   60300   1.55361e+03                                                          
   60500   1.53054e+03                                                          
   60700   1.51399e+03                                                          
   60900   1.49915e+03                                                          
   61100   1.47911e+03                                                          
   61300   1.46507e+03                                                          
   61500   1.44899e+03                                                          
   61700   1.43271e+03                                                          
   61900   1.41752e+03                                                          
   62100   1.40200e+03                                                          
   62300   1.38588e+03                                                          
   62500   1.36741e+03                                                          
   62700   1.35059e+03                                                          
   62900   1.33753e+03                                                          
   63100   1.32114e+03                                                          
   63300   1.30970e+03                                                          
   63500   1.29230e+03                                                          
   63700   1.28086e+03                                                          
   63900   1.26381e+03                                                          
   64200   1.24295e+03                                                          
   64600   1.21461e+03                                                          
   65000   1.18765e+03                                                          
   65400   1.16108e+03                                                          
   65800   1.13551e+03                                                          
   66200   1.10990e+03                                                          
   66600   1.08520e+03                                                          
   67000   1.06135e+03                                                          
   67400   1.03768e+03                                                          
   67800   1.01470e+03                                                          
   68200   9.92107e+02                                                          
   68600   9.70913e+02                                                          
   69000   9.49790e+02                                                          
   69400   9.29262e+02                                                          
   69800   9.09289e+02                                                          
   70200   8.89661e+02                                                          
   70600   8.70683e+02                                                          
   71000   8.52241e+02                                                          
   71400   8.34251e+02                                                          
   71800   8.16584e+02                                                          
   72200   7.99579e+02                                                          
   72600   7.82897e+02                                                          
   73000   7.66690e+02                                                          
   73400   7.50433e+02                                                          
   73800   7.35297e+02                                                          
   74200   7.19440e+02                                                          
   74600   7.05260e+02                                                          
   75000   6.90701e+02                                                          
   75400   6.76494e+02                                                          
   75800   6.63968e+02                                                          
   76200   6.50737e+02                                                          
   76600   6.37827e+02                                                          
   77000   6.25150e+02                                                          
   77400   6.12920e+02                                                          
   77800   6.00948e+02                                                          
   78200   5.89247e+02                                                          
   78600   5.77830e+02                                                          
   79000   5.66613e+02                                                          
   79400   5.55821e+02                                                          
   79800   5.45197e+02                                                          
   80200   5.34422e+02                                                          
   80600   5.24645e+02                                                          
   81000   5.14706e+02                                                          
   81400   5.05153e+02                                                          
   81800   4.95744e+02                                                          
   82200   4.86530e+02                                                          
   82600   4.77541e+02                                                          
   83000   4.68719e+02                                                          
   83400   4.59820e+02                                                          
   83800   4.51411e+02                                                          
   84200   4.43377e+02                                                          
   84600   4.35290e+02                                                          
   85000   4.27519e+02                                                          
   85400   4.19972e+02                                                          
   85800   4.12514e+02                                                          
   86200   4.05192e+02                                                          
   86600   3.98036e+02                                                          
   87000   3.90962e+02                                                          
   87400   3.84173e+02                                                          
   87800   3.77445e+02                                                          
   88200   3.70870e+02                                                          
   88600   3.64458e+02                                                          
   89000   3.58161e+02                                                          
   89400   3.52023e+02                                                          
   89800   3.45756e+02                                                          
   90200   3.40117e+02                                                          
   90600   3.34359e+02                                                          
   91000   3.28182e+02                                                          
   91400   3.23005e+02                                                          
   91800   3.17507e+02                                                          
   92200   3.12487e+02                                                          
   92600   3.07290e+02                                                          
   93000   3.02212e+02                                                          
   93400   2.97223e+02                                                          
   93800   2.92350e+02                                                          
   94200   2.87575e+02                                                          
   94600   2.82883e+02                                                          
   95000   2.78300e+02                                                          
   95400   2.73798e+02                                                          
   95800   2.69412e+02                                                          
   96200   2.65090e+02                                                          
   96600   2.60856e+02                                                          
   97000   2.56721e+02                                                          
   97400   2.52544e+02                                                          
   97800   2.48664e+02                                                          
   98200   2.44752e+02                                                          
   98600   2.40920e+02                                                          
   99000   2.37179e+02                                                          
   99400   2.33490e+02                                                          
   99800   2.29876e+02                                                          
  100200   2.26336e+02                                                          
  200000   1.49486e+01                                                          
  400000   9.39250e-01                                                          
  600000   1.84456e-01                                                          
  800000   5.80398e-02                                                          
 1000000   2.36608e-02                                                          
 1200000   1.13646e-02                                                          
 1400000   6.11259e-03                                                          
 1600000   3.57189e-03                                                          
