      91   1.00000e-21
      94   1.00000e-21                                                          
      96   1.00000e-21                                                          
      98   1.00000e-21                                                          
     100   1.00000e-21                                                          
     102   1.00000e-21                                                          
     104   1.00000e-21                                                          
     106   1.00000e-21                                                          
     108   1.00000e-21                                                          
     110   1.00000e-21                                                          
     114   1.00000e-21                                                          
     118   1.00000e-21                                                          
     121   1.00000e-21                                                          
     125   1.00000e-21                                                          
     127   1.00000e-21                                                          
     128   1.00000e-21                                                          
     130   1.00000e-21                                                          
     132   1.00000e-21                                                          
     134   1.00000e-21                                                          
     137   1.00000e-21                                                          
     140   1.00000e-21                                                          
     143   1.00000e-21                                                          
     147   1.00000e-21                                                          
     151   1.00000e-21                                                          
     155   1.00000e-21                                                          
     159   1.00000e-21                                                          
     162   1.00000e-21                                                          
     166   1.00000e-21                                                          
     170   1.00000e-21                                                          
     173   1.00000e-21                                                          
     177   1.00000e-21                                                          
     180   1.00000e-21                                                          
     182   1.00000e-21                                                          
     186   1.00000e-21                                                          
     191   1.00000e-21                                                          
     194   1.00000e-21                                                          
     198   1.00000e-21                                                          
     202   1.00000e-21                                                          
     205   1.00000e-21                                                          
     210   1.00000e-21                                                          
     216   1.00000e-21                                                          
     220   1.00000e-21                                                          
     223   1.00000e-21                                                          
     227   1.00000e-21                                                          
     230   1.00000e-21                                                          
     234   1.00000e-21                                                          
     240   1.00000e-21                                                          
     246   1.00000e-21                                                          
     252   1.00000e-21                                                          
     257   1.00000e-21                                                          
     260   1.00000e-21                                                          
     264   1.00000e-21                                                          
     268   1.00000e-21                                                          
     274   1.00000e-21                                                          
     278   1.00000e-21                                                          
     284   1.00000e-21                                                          
     290   1.00000e-21                                                          
     296   1.00000e-21                                                          
     301   1.00000e-21                                                          
     308   1.00000e-21                                                          
     318   1.00000e-21                                                          
     328   1.00000e-21                                                          
     338   1.00000e-21                                                          
     348   1.00000e-21                                                          
     357   1.00000e-21                                                          
     366   1.00000e-21                                                          
     375   1.00000e-21                                                          
     385   1.00000e-21                                                          
     395   1.00000e-21                                                          
     405   1.00000e-21                                                          
     414   1.00000e-21                                                          
     422   1.00000e-21                                                          
     430   1.00000e-21                                                          
     441   1.00000e-21                                                          
     451   1.00000e-21                                                          
     460   1.00000e-21                                                          
     470   1.00000e-21                                                          
     480   1.00000e-21                                                          
     490   1.00000e-21                                                          
     500   1.00000e-21                                                          
     506   1.00000e-21                                                          
     512   1.00000e-21                                                          
     520   1.00000e-21                                                          
     530   1.00000e-21                                                          
     540   1.00000e-21                                                          
     550   1.00000e-21                                                          
     560   1.00000e-21                                                          
     570   1.00000e-21                                                          
     580   1.00000e-21                                                          
     590   1.00000e-21                                                          
     600   1.00000e-21                                                          
     610   1.00000e-21                                                          
     620   1.00000e-21                                                          
     630   1.00000e-21                                                          
     640   1.00000e-21                                                          
     650   1.00000e-21                                                          
     658   1.00000e-21                                                          
     665   1.00000e-21                                                          
     675   1.00000e-21                                                          
     685   1.00000e-21                                                          
     695   1.00000e-21                                                          
     705   1.00000e-21                                                          
     716   1.00000e-21                                                          
     726   1.00000e-21                                                          
     735   1.00000e-21                                                          
     745   1.00000e-21                                                          
     755   1.00000e-21                                                          
     765   1.00000e-21                                                          
     775   1.00000e-21                                                          
     785   1.00000e-21                                                          
     795   1.00000e-21                                                          
     805   1.00000e-21                                                          
     815   1.00000e-21                                                          
     825   1.00000e-21                                                          
     835   1.00000e-21                                                          
     845   1.00000e-21                                                          
     855   1.00000e-21                                                          
     865   1.00000e-21                                                          
     875   1.00000e-21                                                          
     885   1.00000e-21                                                          
     895   1.00000e-21                                                          
     905   1.00000e-21                                                          
     915   1.00000e-21                                                          
     925   1.64594e-11                                                          
     935   2.44107e-11                                                          
     945   3.46836e-11                                                          
     955   5.49315e-11                                                          
     965   9.74403e-11                                                          
     975   1.31696e-10                                                          
     985   2.13366e-10                                                          
     995   3.29969e-10                                                          
    1005   5.11712e-10                                                          
    1015   7.58234e-10                                                          
    1025   8.77213e-10                                                          
    1035   1.98667e-09                                                          
    1045   2.85181e-09                                                          
    1055   3.58299e-09                                                          
    1065   6.25602e-09                                                          
    1075   8.84737e-09                                                          
    1085   1.33452e-08                                                          
    1095   1.75121e-08                                                          
    1105   2.39584e-08                                                          
    1115   3.23409e-08                                                          
    1125   5.50938e-08                                                          
    1135   8.47511e-08                                                          
    1145   1.19979e-07                                                          
    1155   1.63818e-07                                                          
    1165   2.22821e-07                                                          
    1175   3.12998e-07                                                          
    1185   4.06414e-07                                                          
    1195   5.09932e-07                                                          
    1205   5.74758e-07                                                          
    1215   4.17070e-07                                                          
    1225   9.73001e-07                                                          
    1235   1.63951e-06                                                          
    1245   2.21742e-06                                                          
    1255   2.85451e-06                                                          
    1265   3.68603e-06                                                          
    1275   4.79609e-06                                                          
    1285   5.54593e-06                                                          
    1295   7.11118e-06                                                          
    1305   8.82359e-06                                                          
    1315   1.16288e-05                                                          
    1325   1.41561e-05                                                          
    1335   1.69356e-05                                                          
    1345   2.23736e-05                                                          
    1355   2.86726e-05                                                          
    1365   3.50955e-05                                                          
    1375   4.11458e-05                                                          
    1385   4.86320e-05                                                          
    1395   5.97864e-05                                                          
    1405   7.89474e-05                                                          
    1415   9.81328e-05                                                          
    1425   1.14825e-04                                                          
    1435   1.50651e-04                                                          
    1442   1.80876e-04                                                          
    1447   1.82790e-04                                                          
    1455   2.15021e-04                                                          
    1465   2.86117e-04                                                          
    1475   3.33439e-04                                                          
    1485   3.94038e-04                                                          
    1495   5.17853e-04                                                          
    1505   6.60304e-04                                                          
    1512   5.66344e-04                                                          
    1517   7.16389e-04                                                          
    1525   1.79987e-03                                                          
    1535   3.06105e-03                                                          
    1545   2.45860e-03                                                          
    1555   4.08859e-03                                                          
    1565   3.96919e-03                                                          
    1575   1.23870e-02                                                          
    1585   1.29849e-02                                                          
    1595   1.32256e-02                                                          
    1605   1.27145e-02                                                          
    1615   1.28596e-02                                                          
    1625   1.34702e-02                                                          
    1635   1.86908e-02                                                          
    1645   2.61364e-02                                                          
    1655   1.92925e-02                                                          
    1665   3.35792e-02                                                          
    1672   2.37159e-02                                                          
    1677   6.84666e-02                                                          
    1685   9.03213e-02                                                          
    1695   1.27613e-01                                                          
    1705   1.36610e-01                                                          
    1715   1.44848e-01                                                          
    1725   2.17091e-01                                                          
    1735   2.60523e-01                                                          
    1745   3.93159e-01                                                          
    1755   4.01719e-01                                                          
    1765   5.31177e-01                                                          
    1775   4.10149e-01                                                          
    1785   9.19713e-01                                                          
    1795   7.63637e-01                                                          
    1805   1.34992e+00                                                          
    1815   8.55342e-01                                                          
    1825   1.57688e+00                                                          
    1835   1.35379e+00                                                          
    1845   1.53510e+00                                                          
    1855   1.27963e+00                                                          
    1865   2.35199e+00                                                          
    1875   2.16443e+00                                                          
    1885   2.74475e+00                                                          
    1895   3.71703e+00                                                          
    1905   3.56015e+00                                                          
    1915   5.29407e+00                                                          
    1925   4.11662e+00                                                          
    1935   2.55263e+00                                                          
    1945   5.91561e+00                                                          
    1955   8.29844e+00                                                          
    1967   9.33372e+00                                                          
    1976   1.05409e+01                                                          
    1984   1.31580e+01                                                          
    1995   1.15605e+01                                                          
    2005   1.28725e+01                                                          
    2015   1.44994e+01                                                          
    2025   1.16767e+01                                                          
    2035   1.64548e+01                                                          
    2045   1.73520e+01                                                          
    2055   2.06320e+01                                                          
    2065   1.90488e+01                                                          
    2074   1.78626e+01                                                          
    2078   4.10481e+01                                                          
    2085   5.36826e+01                                                          
    2095   5.54746e+01                                                          
    2105   5.14306e+01                                                          
    2115   5.26504e+01                                                          
    2125   5.24773e+01                                                          
    2135   7.18151e+01                                                          
    2145   5.83344e+01                                                          
    2155   6.47404e+01                                                          
    2165   6.04878e+01                                                          
    2175   6.77784e+01                                                          
    2185   5.95211e+01                                                          
    2195   9.97909e+01                                                          
    2205   8.33471e+01                                                          
    2215   9.29791e+01                                                          
    2225   9.00160e+01                                                          
    2235   1.53028e+02                                                          
    2245   1.73003e+02                                                          
    2255   1.89039e+02                                                          
    2265   1.00995e+02                                                          
    2275   1.72785e+02                                                          
    2285   2.00621e+02                                                          
    2295   2.68269e+02                                                          
    2305   1.21835e+02                                                          
    2315   3.18654e+02                                                          
    2325   2.70331e+02                                                          
    2335   4.05660e+02                                                          
    2345   2.46288e+02                                                          
    2355   2.27725e+02                                                          
    2365   2.76979e+02                                                          
    2375   2.89151e+02                                                          
    2385   3.91064e+02                                                          
    2395   3.88077e+02                                                          
    2405   6.04952e+02                                                          
    2415   4.05547e+02                                                          
    2425   5.65018e+02                                                          
    2435   7.47122e+02                                                          
    2445   9.98529e+02                                                          
    2455   1.11236e+03                                                          
    2465   7.07713e+02                                                          
    2475   9.56125e+02                                                          
    2485   3.01151e+02                                                          
    2495   4.39732e+02                                                          
    2505   9.13124e+02                                                          
    2513   5.09999e+02                                                          
    2518   4.06751e+02                                                          
    2525   4.68862e+02                                                          
    2535   1.36955e+03                                                          
    2545   1.49002e+03                                                          
    2555   2.56347e+03                                                          
    2565   1.56016e+03                                                          
    2575   2.54171e+03                                                          
    2585   2.11687e+03                                                          
    2595   2.49823e+03                                                          
    2605   3.07266e+03                                                          
    2615   2.71865e+03                                                          
    2625   3.95760e+03                                                          
    2635   8.42483e+03                                                          
    2645   7.99975e+03                                                          
    2655   1.92336e+04                                                          
    2665   9.68508e+03                                                          
    2675   8.87778e+03                                                          
    2685   1.35050e+04                                                          
    2695   5.86094e+03                                                          
    2705   1.21121e+04                                                          
    2715   7.48421e+03                                                          
    2725   4.56728e+03                                                          
    2735   6.19157e+03                                                          
    2745   6.46674e+03                                                          
    2755   8.06522e+03                                                          
    2765   1.15043e+04                                                          
    2775   1.40151e+04                                                          
    2785   8.14982e+03                                                          
    2795   4.99146e+03                                                          
    2805   5.88869e+03                                                          
    2815   1.10292e+04                                                          
    2825   1.20917e+04                                                          
    2835   9.12564e+03                                                          
    2845   5.63981e+03                                                          
    2855   2.35743e+03                                                          
    2865   8.08862e+03                                                          
    2875   1.18804e+04                                                          
    2885   1.75930e+04                                                          
    2895   2.99112e+04                                                          
    2910   6.52484e+04                                                          
    2930   4.93768e+04                                                          
    2950   3.61990e+04                                                          
    2970   3.46011e+04                                                          
    2990   3.43798e+04                                                          
    3010   2.97671e+04                                                          
    3030   4.16116e+04                                                          
    3050   4.42388e+04                                                          
    3070   7.36712e+04                                                          
    3090   6.61634e+04                                                          
    3110   1.12800e+05                                                          
    3130   9.01229e+04                                                          
    3150   1.11160e+05                                                          
    3170   1.34035e+05                                                          
    3190   1.02326e+05                                                          
    3210   1.07145e+05                                                          
    3230   9.08748e+04                                                          
    3250   1.64767e+05                                                          
    3270   2.07807e+05                                                          
    3290   2.13620e+05                                                          
    3310   1.73810e+05                                                          
    3330   1.86674e+05                                                          
    3350   1.70764e+05                                                          
    3370   9.60812e+04                                                          
    3390   1.15241e+05                                                          
    3410   1.20927e+05                                                          
    3430   1.37327e+05                                                          
    3450   1.41382e+05                                                          
    3470   1.47047e+05                                                          
    3490   1.96788e+05                                                          
    3510   2.32989e+05                                                          
    3530   1.94615e+05                                                          
    3550   2.39196e+05                                                          
    3570   1.11892e+05                                                          
    3590   1.27527e+05                                                          
    3610   1.95379e+05                                                          
    3630   2.20433e+05                                                          
    3640   2.42403e+05                                                          
    3650   2.93345e+05                                                          
    3670   3.34691e+05                                                          
    3690   2.64474e+05                                                          
    3710   2.56316e+05                                                          
    3730   1.13410e+05                                                          
    3750   1.40668e+05                                                          
    3770   2.51504e+05                                                          
    3790   2.63350e+05                                                          
    3810   2.18246e+05                                                          
    3830   9.07824e+04                                                          
    3850   1.42129e+05                                                          
    3870   1.37677e+05                                                          
    3890   2.15210e+05                                                          
    3910   3.10490e+05                                                          
    3930   1.24475e+05                                                          
    3950   2.70477e+05                                                          
    3970   1.79470e+05                                                          
    3990   4.71575e+05                                                          
    4010   5.20316e+05                                                          
    4030   4.92947e+05                                                          
    4050   4.63335e+05                                                          
    4070   4.19564e+05                                                          
    4090   5.93832e+05                                                          
    4110   5.41164e+05                                                          
    4130   5.08172e+05                                                          
    4150   4.72991e+05                                                          
    4170   5.00152e+05                                                          
    4190   4.82275e+05                                                          
    4210   4.93528e+05                                                          
    4230   4.50859e+05                                                          
    4250   5.03568e+05                                                          
    4270   4.61591e+05                                                          
    4290   4.32530e+05                                                          
    4310   3.79858e+05                                                          
    4330   6.05434e+05                                                          
    4350   6.21084e+05                                                          
    4370   6.69007e+05                                                          
    4390   5.62945e+05                                                          
    4410   6.02683e+05                                                          
    4430   6.78077e+05                                                          
    4450   6.86468e+05                                                          
    4470   7.52778e+05                                                          
    4490   7.79040e+05                                                          
    4510   9.19831e+05                                                          
    4530   7.78141e+05                                                          
    4550   8.35668e+05                                                          
    4570   9.04793e+05                                                          
    4590   8.56456e+05                                                          
    4610   8.79173e+05                                                          
    4630   8.61916e+05                                                          
    4650   8.69936e+05                                                          
    4670   9.25018e+05                                                          
    4690   9.04334e+05                                                          
    4710   8.74508e+05                                                          
    4730   9.01753e+05                                                          
    4750   9.20325e+05                                                          
    4770   9.15786e+05                                                          
    4790   9.25192e+05                                                          
    4810   9.35966e+05                                                          
    4830   9.62825e+05                                                          
    4850   9.21458e+05                                                          
    4870   8.35383e+05                                                          
    4890   9.05241e+05                                                          
    4910   9.10615e+05                                                          
    4930   8.72652e+05                                                          
    4950   9.25763e+05                                                          
    4970   9.17259e+05                                                          
    4990   8.40331e+05                                                          
    5010   7.78741e+05                                                          
    5030   8.36261e+05                                                          
    5050   8.12393e+05                                                          
    5070   8.49802e+05                                                          
    5090   7.92964e+05                                                          
    5110   8.04725e+05                                                          
    5130   7.74905e+05                                                          
    5150   7.29833e+05                                                          
    5170   6.22490e+05                                                          
    5190   6.67385e+05                                                          
    5210   7.76648e+05                                                          
    5230   8.80277e+05                                                          
    5250   9.46284e+05                                                          
    5270   7.85662e+05                                                          
    5290   9.50582e+05                                                          
    5310   1.03028e+06                                                          
    5330   8.69632e+05                                                          
    5350   9.81750e+05                                                          
    5370   9.62808e+05                                                          
    5390   9.39949e+05                                                          
    5410   9.18426e+05                                                          
    5430   9.31683e+05                                                          
    5450   9.73749e+05                                                          
    5470   9.71731e+05                                                          
    5490   9.87024e+05                                                          
    5510   9.65771e+05                                                          
    5530   9.99815e+05                                                          
    5550   1.01715e+06                                                          
    5570   9.84192e+05                                                          
    5590   9.52218e+05                                                          
    5610   1.00785e+06                                                          
    5630   1.00468e+06                                                          
    5650   1.01722e+06                                                          
    5670   9.89284e+05                                                          
    5690   1.01205e+06                                                          
    5710   9.72530e+05                                                          
    5730   1.06104e+06                                                          
    5750   1.02495e+06                                                          
    5770   1.03925e+06                                                          
    5790   9.89767e+05                                                          
    5810   1.03789e+06                                                          
    5830   1.06870e+06                                                          
    5850   1.03331e+06                                                          
    5870   1.04048e+06                                                          
    5890   9.21566e+05                                                          
    5910   1.02785e+06                                                          
    5930   1.02860e+06                                                          
    5950   1.03023e+06                                                          
    5970   1.04582e+06                                                          
    5990   1.03012e+06                                                          
    6010   1.00996e+06                                                          
    6030   1.03207e+06                                                          
    6050   1.04861e+06                                                          
    6070   1.03862e+06                                                          
    6090   1.00009e+06                                                          
    6110   1.00441e+06                                                          
    6130   9.44799e+05                                                          
    6150   9.85968e+05                                                          
    6170   9.26352e+05                                                          
    6190   1.00535e+06                                                          
    6210   1.00028e+06                                                          
    6230   9.69244e+05                                                          
    6250   9.40333e+05                                                          
    6270   9.80618e+05                                                          
    6290   9.93153e+05                                                          
    6310   9.62141e+05                                                          
    6330   9.73728e+05                                                          
    6350   9.79351e+05                                                          
    6370   9.75398e+05                                                          
    6390   9.89888e+05                                                          
    6410   9.64750e+05                                                          
    6430   9.75784e+05                                                          
    6450   9.63890e+05                                                          
    6470   9.55878e+05                                                          
    6490   9.39547e+05                                                          
    6510   9.73397e+05                                                          
    6530   9.78664e+05                                                          
    6550   9.58805e+05                                                          
    6570   9.17528e+05                                                          
    6590   9.59268e+05                                                          
    6610   9.72930e+05                                                          
    6630   9.64287e+05                                                          
    6650   9.63349e+05                                                          
    6670   9.46206e+05                                                          
    6690   9.70968e+05                                                          
    6710   9.37089e+05                                                          
    6730   9.65126e+05                                                          
    6750   9.49572e+05                                                          
    6770   9.55665e+05                                                          
    6790   9.45335e+05                                                          
    6810   9.43463e+05                                                          
    6830   9.53523e+05                                                          
    6850   9.23199e+05                                                          
    6870   9.35922e+05                                                          
    6890   9.42798e+05                                                          
    6910   9.34862e+05                                                          
    6930   9.27851e+05                                                          
    6950   9.23114e+05                                                          
    6970   9.26242e+05                                                          
    6990   9.17390e+05                                                          
    7010   8.95032e+05                                                          
    7030   9.10790e+05                                                          
    7050   9.15908e+05                                                          
    7070   9.02336e+05                                                          
    7090   8.98732e+05                                                          
    7110   9.03029e+05                                                          
    7130   8.85468e+05                                                          
    7150   8.77190e+05                                                          
    7170   8.87535e+05                                                          
    7190   8.54862e+05                                                          
    7210   8.72963e+05                                                          
    7230   8.86492e+05                                                          
    7250   8.82201e+05                                                          
    7270   8.81892e+05                                                          
    7290   8.58286e+05                                                          
    7310   8.70247e+05                                                          
    7330   8.65304e+05                                                          
    7350   8.64130e+05                                                          
    7370   8.73400e+05                                                          
    7390   8.51705e+05                                                          
    7410   8.35997e+05                                                          
    7430   8.54811e+05                                                          
    7450   8.53274e+05                                                          
    7470   8.58403e+05                                                          
    7490   8.50768e+05                                                          
    7510   8.54492e+05                                                          
    7530   8.58567e+05                                                          
    7550   8.60777e+05                                                          
    7570   8.52259e+05                                                          
    7590   8.46441e+05                                                          
    7610   8.44213e+05                                                          
    7630   8.47497e+05                                                          
    7650   8.48768e+05                                                          
    7670   8.15402e+05                                                          
    7690   8.44199e+05                                                          
    7710   8.26007e+05                                                          
    7730   8.30247e+05                                                          
    7750   8.19439e+05                                                          
    7770   8.39418e+05                                                          
    7790   8.33612e+05                                                          
    7810   8.29486e+05                                                          
    7830   8.18838e+05                                                          
    7850   8.15547e+05                                                          
    7870   8.24727e+05                                                          
    7890   8.14156e+05                                                          
    7910   7.97107e+05                                                          
    7930   7.88210e+05                                                          
    7950   7.78481e+05                                                          
    7970   8.01764e+05                                                          
    7990   7.98995e+05                                                          
    8010   7.89758e+05                                                          
    8030   7.89976e+05                                                          
    8050   7.82595e+05                                                          
    8070   7.83711e+05                                                          
    8090   7.66960e+05                                                          
    8110   7.71970e+05                                                          
    8130   7.78481e+05                                                          
    8150   7.74340e+05                                                          
    8170   7.73428e+05                                                          
    8190   7.44734e+05                                                          
    8210   7.51197e+05                                                          
    8230   7.53995e+05                                                          
    8250   7.59946e+05                                                          
    8270   7.67741e+05                                                          
    8290   7.61738e+05                                                          
    8310   7.41683e+05                                                          
    8330   7.36363e+05                                                          
    8350   7.40046e+05                                                          
    8370   7.44182e+05                                                          
    8390   7.14336e+05                                                          
    8410   7.43665e+05                                                          
    8430   7.21039e+05                                                          
    8450   7.36087e+05                                                          
    8470   7.28703e+05                                                          
    8490   7.36354e+05                                                          
    8510   7.03108e+05                                                          
    8530   7.33205e+05                                                          
    8550   6.90754e+05                                                          
    8570   7.35079e+05                                                          
    8590   7.19748e+05                                                          
    8610   7.18349e+05                                                          
    8630   7.23573e+05                                                          
    8650   7.27523e+05                                                          
    8670   6.72196e+05                                                          
    8690   6.91766e+05                                                          
    8710   7.08066e+05                                                          
    8730   7.09090e+05                                                          
    8750   7.03487e+05                                                          
    8770   7.08483e+05                                                          
    8790   7.02842e+05                                                          
    8810   6.78410e+05                                                          
    8830   6.92566e+05                                                          
    8850   6.99805e+05                                                          
    8870   6.86319e+05                                                          
    8890   6.99394e+05                                                          
    8910   7.02904e+05                                                          
    8930   6.85668e+05                                                          
    8950   6.81949e+05                                                          
    8970   6.85036e+05                                                          
    8990   6.86339e+05                                                          
    9010   6.57637e+05                                                          
    9030   6.77993e+05                                                          
    9050   6.90592e+05                                                          
    9070   6.82813e+05                                                          
    9090   6.59798e+05                                                          
    9110   6.63797e+05                                                          
    9130   6.75047e+05                                                          
    9150   6.70538e+05                                                          
    9170   6.69100e+05                                                          
    9190   6.75633e+05                                                          
    9210   6.59172e+05                                                          
    9230   6.64089e+05                                                          
    9250   6.54465e+05                                                          
    9270   6.57365e+05                                                          
    9290   6.53760e+05                                                          
    9310   6.59961e+05                                                          
    9330   6.55082e+05                                                          
    9350   6.52076e+05                                                          
    9370   6.42057e+05                                                          
    9390   6.49171e+05                                                          
    9410   6.28064e+05                                                          
    9430   6.45577e+05                                                          
    9450   6.29124e+05                                                          
    9470   6.41806e+05                                                          
    9490   6.42925e+05                                                          
    9510   6.37426e+05                                                          
    9530   6.35057e+05                                                          
    9550   6.23564e+05                                                          
    9570   6.22506e+05                                                          
    9590   6.33016e+05                                                          
    9610   6.22619e+05                                                          
    9630   6.21277e+05                                                          
    9650   6.08132e+05                                                          
    9670   6.09326e+05                                                          
    9690   6.17490e+05                                                          
    9710   6.10917e+05                                                          
    9730   6.06153e+05                                                          
    9750   6.03770e+05                                                          
    9770   6.04190e+05                                                          
    9790   5.93816e+05                                                          
    9810   6.07360e+05                                                          
    9830   6.01950e+05                                                          
    9850   6.05379e+05                                                          
    9870   5.98730e+05                                                          
    9890   5.98285e+05                                                          
    9910   5.96349e+05                                                          
    9930   5.97330e+05                                                          
    9950   5.96057e+05                                                          
    9970   5.95104e+05                                                          
    9990   5.91558e+05                                                          
   10025   5.87625e+05                                                          
   10075   5.80213e+05                                                          
   10125   5.78473e+05                                                          
   10175   5.69640e+05                                                          
   10225   5.67512e+05                                                          
   10275   5.66511e+05                                                          
   10325   5.55852e+05                                                          
   10375   5.51042e+05                                                          
   10425   5.52401e+05                                                          
   10475   5.44866e+05                                                          
   10525   5.44346e+05                                                          
   10575   5.36390e+05                                                          
   10625   5.32916e+05                                                          
   10675   5.23557e+05                                                          
   10725   5.23014e+05                                                          
   10775   5.16033e+05                                                          
   10825   5.06365e+05                                                          
   10875   5.06049e+05                                                          
   10925   5.08993e+05                                                          
   10975   4.99467e+05                                                          
   11025   5.01104e+05                                                          
   11075   4.99962e+05                                                          
   11125   4.95100e+05                                                          
   11175   4.88865e+05                                                          
   11225   4.88241e+05                                                          
   11275   4.78156e+05                                                          
   11325   4.77562e+05                                                          
   11375   4.72177e+05                                                          
   11425   4.65444e+05                                                          
   11475   4.70887e+05                                                          
   11525   4.68561e+05                                                          
   11575   4.61488e+05                                                          
   11625   4.53791e+05                                                          
   11675   4.53792e+05                                                          
   11725   4.56088e+05                                                          
   11775   4.46939e+05                                                          
   11825   4.41580e+05                                                          
   11875   4.36594e+05                                                          
   11925   4.43810e+05                                                          
   11975   4.25494e+05                                                          
   12025   4.33283e+05                                                          
   12075   4.27268e+05                                                          
   12125   4.28605e+05                                                          
   12175   4.29557e+05                                                          
   12225   4.25778e+05                                                          
   12275   4.21592e+05                                                          
   12325   4.19118e+05                                                          
   12375   4.17124e+05                                                          
   12425   4.12204e+05                                                          
   12475   4.12235e+05                                                          
   12525   4.07032e+05                                                          
   12575   4.06304e+05                                                          
   12625   4.03047e+05                                                          
   12675   3.98194e+05                                                          
   12725   3.98633e+05                                                          
   12775   3.97951e+05                                                          
   12825   3.83933e+05                                                          
   12875   3.88625e+05                                                          
   12925   3.84360e+05                                                          
   12975   3.87195e+05                                                          
   13025   3.81570e+05                                                          
   13075   3.82592e+05                                                          
   13125   3.73209e+05                                                          
   13175   3.72434e+05                                                          
   13225   3.74429e+05                                                          
   13275   3.67483e+05                                                          
   13325   3.68763e+05                                                          
   13375   3.65870e+05                                                          
   13425   3.67528e+05                                                          
   13475   3.64231e+05                                                          
   13525   3.62703e+05                                                          
   13575   3.55800e+05                                                          
   13625   3.54459e+05                                                          
   13675   3.54386e+05                                                          
   13725   3.54628e+05                                                          
   13775   3.51465e+05                                                          
   13825   3.50721e+05                                                          
   13875   3.46921e+05                                                          
   13925   3.47706e+05                                                          
   13975   3.46125e+05                                                          
   14025   3.39802e+05                                                          
   14075   3.42241e+05                                                          
   14125   3.37016e+05                                                          
   14175   3.39763e+05                                                          
   14225   3.32460e+05                                                          
   14275   3.25398e+05                                                          
   14325   3.32299e+05                                                          
   14375   3.32881e+05                                                          
   14425   3.21651e+05                                                          
   14475   3.28355e+05                                                          
   14525   3.21847e+05                                                          
   14570   3.22816e+05                                                          
   14620   3.23148e+05                                                          
   14675   3.21476e+05                                                          
   14725   3.15127e+05                                                          
   14775   3.15288e+05                                                          
   14825   3.14633e+05                                                          
   14875   3.05996e+05                                                          
   14925   3.15582e+05                                                          
   14975   3.09987e+05                                                          
   15025   2.95061e+05                                                          
   15075   2.98896e+05                                                          
   15125   3.06809e+05                                                          
   15175   3.06077e+05                                                          
   15225   3.02389e+05                                                          
   15275   3.03979e+05                                                          
   15325   3.00978e+05                                                          
   15375   3.01316e+05                                                          
   15425   3.01266e+05                                                          
   15475   2.98736e+05                                                          
   15525   2.93352e+05                                                          
   15575   2.90933e+05                                                          
   15625   2.94516e+05                                                          
   15675   2.86032e+05                                                          
   15725   2.89032e+05                                                          
   15775   2.74028e+05                                                          
   15825   2.81555e+05                                                          
   15875   2.71966e+05                                                          
   15925   2.77434e+05                                                          
   15975   2.79135e+05                                                          
   16050   2.77962e+05                                                          
   16150   2.73192e+05                                                          
   16250   2.71716e+05                                                          
   16350   2.67429e+05                                                          
   16450   2.61737e+05                                                          
   16550   2.59770e+05                                                          
   16650   2.55050e+05                                                          
   16750   2.47466e+05                                                          
   16850   2.41901e+05                                                          
   16950   2.42169e+05                                                          
   17050   2.33541e+05                                                          
   17150   2.29982e+05                                                          
   17250   2.23958e+05                                                          
   17350   2.18041e+05                                                          
   17450   2.16058e+05                                                          
   17550   2.12660e+05                                                          
   17650   2.09025e+05                                                          
   17750   2.04089e+05                                                          
   17850   2.01696e+05                                                          
   17950   1.97340e+05                                                          
   18050   1.92874e+05                                                          
   18150   1.88214e+05                                                          
   18250   1.85124e+05                                                          
   18350   1.81715e+05                                                          
   18450   1.76584e+05                                                          
   18550   1.75302e+05                                                          
   18650   1.69797e+05                                                          
   18750   1.64385e+05                                                          
   18850   1.65113e+05                                                          
   18950   1.57748e+05                                                          
   19050   1.59661e+05                                                          
   19150   1.56216e+05                                                          
   19250   1.53630e+05                                                          
   19350   1.49039e+05                                                          
   19450   1.44765e+05                                                          
   19550   1.45136e+05                                                          
   19650   1.42280e+05                                                          
   19750   1.38669e+05                                                          
   19850   1.36831e+05                                                          
   19950   1.34882e+05                                                          
   20050   1.34023e+05                                                          
   20150   1.32209e+05                                                          
   20250   1.28189e+05                                                          
   20350   1.25656e+05                                                          
   20450   1.25253e+05                                                          
   20550   1.22756e+05                                                          
   20650   1.19815e+05                                                          
   20750   1.18312e+05                                                          
   20850   1.16303e+05                                                          
   20950   1.13261e+05                                                          
   21050   1.12699e+05                                                          
   21150   1.10456e+05                                                          
   21250   1.08619e+05                                                          
   21350   1.07312e+05                                                          
   21450   1.05483e+05                                                          
   21550   1.03798e+05                                                          
   21650   1.00677e+05                                                          
   21750   9.95661e+04                                                          
   21850   9.81897e+04                                                          
   21950   9.69784e+04                                                          
   22050   9.41598e+04                                                          
   22150   9.40765e+04                                                          
   22250   9.17310e+04                                                          
   22350   9.04126e+04                                                          
   22450   8.91045e+04                                                          
   22550   8.79269e+04                                                          
   22650   8.59227e+04                                                          
   22750   8.53544e+04                                                          
   22850   8.32653e+04                                                          
   22950   7.61482e+04                                                          
   23050   7.84388e+04                                                          
   23150   7.75993e+04                                                          
   23250   7.04600e+04                                                          
   23350   7.28666e+04                                                          
   23450   7.35243e+04                                                          
   23550   6.62135e+04                                                          
   23650   6.95332e+04                                                          
   23750   6.93741e+04                                                          
   23850   6.30868e+04                                                          
   23950   6.56217e+04                                                          
   24050   6.59313e+04                                                          
   24150   6.10007e+04                                                          
   24250   6.23849e+04                                                          
   24350   6.25854e+04                                                          
   24450   5.95912e+04                                                          
   24550   5.87068e+04                                                          
   24650   6.01457e+04                                                          
   24750   5.80731e+04                                                          
   24850   5.58317e+04                                                          
   24950   5.69512e+04                                                          
   25050   5.72924e+04                                                          
   25150   5.41152e+04                                                          
   25250   5.50492e+04                                                          
   25350   5.46251e+04                                                          
   25450   5.31913e+04                                                          
   25550   5.25939e+04                                                          
   25650   5.22302e+04                                                          
   25750   5.21364e+04                                                          
   25850   4.99141e+04                                                          
   25950   5.02478e+04                                                          
   26050   4.99794e+04                                                          
   26150   4.91665e+04                                                          
   26250   4.79746e+04                                                          
   26350   4.78754e+04                                                          
   26450   4.72570e+04                                                          
   26550   4.66431e+04                                                          
   26650   4.55643e+04                                                          
   26750   4.59985e+04                                                          
   26850   4.54137e+04                                                          
   26950   4.45671e+04                                                          
   27050   4.42333e+04                                                          
   27150   4.36884e+04                                                          
   27250   4.31746e+04                                                          
   27350   4.25356e+04                                                          
   27450   4.22008e+04                                                          
   27550   4.16596e+04                                                          
   27650   4.09682e+04                                                          
   27750   4.04041e+04                                                          
   27850   4.00248e+04                                                          
   27950   3.96867e+04                                                          
   28050   3.91284e+04                                                          
   28150   3.86118e+04                                                          
   28250   3.81330e+04                                                          
   28350   3.77750e+04                                                          
   28450   3.71617e+04                                                          
   28550   3.67341e+04                                                          
   28650   3.62634e+04                                                          
   28750   3.57954e+04                                                          
   28850   3.53906e+04                                                          
   28950   3.49706e+04                                                          
   29050   3.45171e+04                                                          
   29150   3.41226e+04                                                          
   29250   3.34369e+04                                                          
   29350   3.32499e+04                                                          
   29450   3.27534e+04                                                          
   29550   3.24030e+04                                                          
   29650   3.20675e+04                                                          
   29750   3.16789e+04                                                          
   29850   3.12449e+04                                                          
   29950   3.08134e+04                                                          
   30050   3.04479e+04                                                          
   30150   3.01474e+04                                                          
   30250   2.97046e+04                                                          
   30350   2.92592e+04                                                          
   30450   2.90338e+04                                                          
   30550   2.86538e+04                                                          
   30650   2.82642e+04                                                          
   30750   2.80033e+04                                                          
   30850   2.75486e+04                                                          
   30950   2.72682e+04                                                          
   31050   2.70195e+04                                                          
   31150   2.64521e+04                                                          
   31250   2.63457e+04                                                          
   31350   2.60558e+04                                                          
   31450   2.57377e+04                                                          
   31550   2.53386e+04                                                          
   31650   2.50555e+04                                                          
   31750   2.48206e+04                                                          
   31850   2.45266e+04                                                          
   31950   2.42747e+04                                                          
   32100   2.38086e+04                                                          
   32300   2.32526e+04                                                          
   32500   2.27119e+04                                                          
   32700   2.21769e+04                                                          
   32900   2.16312e+04                                                          
   33100   2.11582e+04                                                          
   33300   2.06442e+04                                                          
   33500   2.02563e+04                                                          
   33700   1.97833e+04                                                          
   33900   1.92928e+04                                                          
   34100   1.88495e+04                                                          
   34300   1.85142e+04                                                          
   34500   1.81369e+04                                                          
   34700   1.77243e+04                                                          
   34900   1.73484e+04                                                          
   35100   1.69946e+04                                                          
   35300   1.65889e+04                                                          
   35500   1.62674e+04                                                          
   35700   1.59059e+04                                                          
   35900   1.55645e+04                                                          
   36100   1.52748e+04                                                          
   36300   1.49567e+04                                                          
   36500   1.46025e+04                                                          
   36700   1.42817e+04                                                          
   36900   1.39230e+04                                                          
   37100   1.36226e+04                                                          
   37300   1.34234e+04                                                          
   37500   1.30606e+04                                                          
   37700   1.28887e+04                                                          
   37900   1.26169e+04                                                          
   38100   1.23956e+04                                                          
   38300   1.21774e+04                                                          
   38500   1.19468e+04                                                          
   38700   1.16627e+04                                                          
   38900   1.14607e+04                                                          
   39100   1.12590e+04                                                          
   39300   1.10422e+04                                                          
   39500   1.07816e+04                                                          
   39700   1.05994e+04                                                          
   39900   1.03330e+04                                                          
   40100   1.01839e+04                                                          
   40300   1.00233e+04                                                          
   40500   9.80026e+03                                                          
   40700   9.63685e+03                                                          
   40900   9.46757e+03                                                          
   41100   9.29543e+03                                                          
   41300   9.13742e+03                                                          
   41500   8.95348e+03                                                          
   41700   8.79401e+03                                                          
   41900   8.61258e+03                                                          
   42100   8.41931e+03                                                          
   42300   8.34189e+03                                                          
   42500   8.16133e+03                                                          
   42700   8.03967e+03                                                          
   42900   7.55765e+03                                                          
   43100   7.11971e+03                                                          
   43300   7.14811e+03                                                          
   43500   6.72955e+03                                                          
   43700   6.51801e+03                                                          
   43900   6.40089e+03                                                          
   44100   6.04650e+03                                                          
   44300   5.97016e+03                                                          
   44500   5.88028e+03                                                          
   44700   5.58567e+03                                                          
   44900   5.62554e+03                                                          
   45100   5.46463e+03                                                          
   45300   5.26256e+03                                                          
   45500   5.27924e+03                                                          
   45700   5.24175e+03                                                          
   45900   5.01244e+03                                                          
   46100   5.05791e+03                                                          
   46300   4.96133e+03                                                          
   46500   4.92152e+03                                                          
   46700   4.89925e+03                                                          
   46900   4.81950e+03                                                          
   47100   4.71622e+03                                                          
   47300   4.75302e+03                                                          
   47500   4.63351e+03                                                          
   47700   4.56797e+03                                                          
   47900   4.52546e+03                                                          
   48100   4.40140e+03                                                          
   48300   4.44639e+03                                                          
   48500   4.35581e+03                                                          
   48700   4.25670e+03                                                          
   48900   4.20425e+03                                                          
   49100   4.15430e+03                                                          
   49300   4.08346e+03                                                          
   49500   4.01055e+03                                                          
   49700   3.98246e+03                                                          
   49900   3.91549e+03                                                          
   50100   3.88133e+03                                                          
   50300   3.82967e+03                                                          
   50500   3.73479e+03                                                          
   50700   3.70832e+03                                                          
   50900   3.66609e+03                                                          
   51100   3.58422e+03                                                          
   51300   3.57593e+03                                                          
   51500   3.50272e+03                                                          
   51700   3.49860e+03                                                          
   51900   3.42280e+03                                                          
   52100   3.39176e+03                                                          
   52300   3.32299e+03                                                          
   52500   3.30769e+03                                                          
   52700   3.29105e+03                                                          
   52900   3.20026e+03                                                          
   53100   3.16808e+03                                                          
   53300   3.14080e+03                                                          
   53500   3.10412e+03                                                          
   53700   3.07006e+03                                                          
   53900   3.03618e+03                                                          
   54100   2.99714e+03                                                          
   54300   2.93402e+03                                                          
   54500   2.92553e+03                                                          
   54700   2.88197e+03                                                          
   54900   2.84442e+03                                                          
   55100   2.81287e+03                                                          
   55300   2.81855e+03                                                          
   55500   2.73435e+03                                                          
   55700   2.73821e+03                                                          
   55900   2.68588e+03                                                          
   56100   2.66071e+03                                                          
   56300   2.61335e+03                                                          
   56500   2.60337e+03                                                          
   56700   2.57243e+03                                                          
   56900   2.52175e+03                                                          
   57100   2.51551e+03                                                          
   57300   2.48038e+03                                                          
   57500   2.45336e+03                                                          
   57700   2.41600e+03                                                          
   57900   2.40230e+03                                                          
   58100   2.35936e+03                                                          
   58300   2.33463e+03                                                          
   58500   2.31088e+03                                                          
   58700   2.27198e+03                                                          
   58900   2.24680e+03                                                          
   59100   2.22715e+03                                                          
   59300   2.20087e+03                                                          
   59500   2.16919e+03                                                          
   59700   2.15209e+03                                                          
   59900   2.12558e+03                                                          
   60100   2.09987e+03                                                          
   60300   2.07488e+03                                                          
   60500   2.04356e+03                                                          
   60700   2.01986e+03                                                          
   60900   1.99576e+03                                                          
   61100   1.96710e+03                                                          
   61300   1.94972e+03                                                          
   61500   1.92853e+03                                                          
   61700   1.90792e+03                                                          
   61900   1.88698e+03                                                          
   62100   1.86607e+03                                                          
   62300   1.83832e+03                                                          
   62500   1.81390e+03                                                          
   62700   1.79292e+03                                                          
   62900   1.77535e+03                                                          
   63100   1.75207e+03                                                          
   63300   1.73796e+03                                                          
   63500   1.71398e+03                                                          
   63700   1.69835e+03                                                          
   63900   1.67496e+03                                                          
   64200   1.64678e+03                                                          
   64600   1.60742e+03                                                          
   65000   1.57070e+03                                                          
   65400   1.53528e+03                                                          
   65800   1.50169e+03                                                          
   66200   1.46620e+03                                                          
   66600   1.43350e+03                                                          
   67000   1.40110e+03                                                          
   67400   1.36855e+03                                                          
   67800   1.33839e+03                                                          
   68200   1.30816e+03                                                          
   68600   1.27950e+03                                                          
   69000   1.25083e+03                                                          
   69400   1.22303e+03                                                          
   69800   1.19665e+03                                                          
   70200   1.16908e+03                                                          
   70600   1.14464e+03                                                          
   71000   1.11986e+03                                                          
   71400   1.09575e+03                                                          
   71800   1.07202e+03                                                          
   72200   1.04922e+03                                                          
   72600   1.02668e+03                                                          
   73000   1.00515e+03                                                          
   73400   9.83498e+02                                                          
   73800   9.63288e+02                                                          
   74200   9.42301e+02                                                          
   74600   9.22569e+02                                                          
   75000   9.03908e+02                                                          
   75400   8.84851e+02                                                          
   75800   8.67731e+02                                                          
   76200   8.50053e+02                                                          
   76600   8.32840e+02                                                          
   77000   8.15755e+02                                                          
   77400   7.99639e+02                                                          
   77800   7.83751e+02                                                          
   78200   7.68125e+02                                                          
   78600   7.52951e+02                                                          
   79000   7.38102e+02                                                          
   79400   7.23646e+02                                                          
   79800   7.09611e+02                                                          
   80200   6.95410e+02                                                          
   80600   6.81898e+02                                                          
   81000   6.69185e+02                                                          
   81400   6.55982e+02                                                          
   81800   6.43919e+02                                                          
   82200   6.31758e+02                                                          
   82600   6.19748e+02                                                          
   83000   6.08167e+02                                                          
   83400   5.96537e+02                                                          
   83800   5.85391e+02                                                          
   84200   5.74870e+02                                                          
   84600   5.64202e+02                                                          
   85000   5.53875e+02                                                          
   85400   5.43783e+02                                                          
   85800   5.33952e+02                                                          
   86200   5.24295e+02                                                          
   86600   5.14906e+02                                                          
   87000   5.05667e+02                                                          
   87400   4.96653e+02                                                          
   87800   4.87798e+02                                                          
   88200   4.78960e+02                                                          
   88600   4.70566e+02                                                          
   89000   4.62167e+02                                                          
   89400   4.54380e+02                                                          
   89800   4.46222e+02                                                          
   90200   4.38765e+02                                                          
   90600   4.31262e+02                                                          
   91000   4.23424e+02                                                          
   91400   4.16482e+02                                                          
   91800   4.09402e+02                                                          
   92200   4.02599e+02                                                          
   92600   3.95786e+02                                                          
   93000   3.89158e+02                                                          
   93400   3.82616e+02                                                          
   93800   3.76265e+02                                                          
   94200   3.70036e+02                                                          
   94600   3.63858e+02                                                          
   95000   3.57891e+02                                                          
   95400   3.52037e+02                                                          
   95800   3.46320e+02                                                          
   96200   3.40660e+02                                                          
   96600   3.35185e+02                                                          
   97000   3.29788e+02                                                          
   97400   3.24114e+02                                                          
   97800   3.19161e+02                                                          
   98200   3.14191e+02                                                          
   98600   3.09217e+02                                                          
   99000   3.04338e+02                                                          
   99400   2.99515e+02                                                          
   99800   2.94831e+02                                                          
  100200   2.90236e+02                                                          
  200000   1.88309e+01                                                          
  400000   1.18500e+00                                                          
  600000   2.33172e-01                                                          
  800000   7.33686e-02                                                          
 1000000   2.98821e-02                                                          
 1200000   1.43342e-02                                                          
 1400000   7.69916e-03                                                          
 1600000   4.49225e-03                                                          
