      91   1.00000e-21
      94   1.00000e-21                                                          
      96   1.00000e-21                                                          
      98   1.00000e-21                                                          
     100   1.00000e-21                                                          
     102   1.00000e-21                                                          
     104   1.00000e-21                                                          
     106   1.00000e-21                                                          
     108   1.00000e-21                                                          
     110   1.00000e-21                                                          
     114   1.00000e-21                                                          
     118   1.00000e-21                                                          
     121   1.00000e-21                                                          
     125   1.00000e-21                                                          
     127   1.00000e-21                                                          
     128   1.00000e-21                                                          
     130   1.00000e-21                                                          
     132   1.00000e-21                                                          
     134   1.00000e-21                                                          
     137   1.00000e-21                                                          
     140   1.00000e-21                                                          
     143   1.00000e-21                                                          
     147   1.00000e-21                                                          
     151   1.00000e-21                                                          
     155   1.00000e-21                                                          
     159   1.00000e-21                                                          
     162   1.00000e-21                                                          
     166   1.00000e-21                                                          
     170   1.00000e-21                                                          
     173   1.00000e-21                                                          
     177   1.00000e-21                                                          
     180   1.00000e-21                                                          
     182   1.00000e-21                                                          
     186   1.00000e-21                                                          
     191   1.00000e-21                                                          
     194   1.00000e-21                                                          
     198   1.00000e-21                                                          
     202   1.00000e-21                                                          
     205   1.00000e-21                                                          
     210   1.00000e-21                                                          
     216   1.00000e-21                                                          
     220   1.00000e-21                                                          
     223   1.00000e-21                                                          
     227   1.00000e-21                                                          
     230   1.00000e-21                                                          
     234   1.00000e-21                                                          
     240   1.00000e-21                                                          
     246   1.00000e-21                                                          
     252   1.00000e-21                                                          
     257   1.00000e-21                                                          
     260   1.00000e-21                                                          
     264   1.00000e-21                                                          
     268   1.00000e-21                                                          
     274   1.00000e-21                                                          
     278   1.00000e-21                                                          
     284   1.00000e-21                                                          
     290   1.00000e-21                                                          
     296   1.00000e-21                                                          
     301   1.00000e-21                                                          
     308   1.00000e-21                                                          
     318   1.00000e-21                                                          
     328   1.00000e-21                                                          
     338   1.00000e-21                                                          
     348   1.00000e-21                                                          
     357   1.00000e-21                                                          
     366   1.00000e-21                                                          
     375   1.00000e-21                                                          
     385   1.00000e-21                                                          
     395   1.00000e-21                                                          
     405   1.00000e-21                                                          
     414   1.00000e-21                                                          
     422   1.00000e-21                                                          
     430   1.00000e-21                                                          
     441   1.00000e-21                                                          
     451   1.00000e-21                                                          
     460   1.00000e-21                                                          
     470   1.00000e-21                                                          
     480   1.00000e-21                                                          
     490   1.00000e-21                                                          
     500   1.00000e-21                                                          
     506   1.00000e-21                                                          
     512   1.00000e-21                                                          
     520   1.00000e-21                                                          
     530   1.00000e-21                                                          
     540   1.00000e-21                                                          
     550   1.00000e-21                                                          
     560   1.00000e-21                                                          
     570   1.00000e-21                                                          
     580   1.00000e-21                                                          
     590   1.00000e-21                                                          
     600   1.00000e-21                                                          
     610   1.00000e-21                                                          
     620   1.00000e-21                                                          
     630   1.00000e-21                                                          
     640   1.00000e-21                                                          
     650   1.00000e-21                                                          
     658   1.00000e-21                                                          
     665   1.00000e-21                                                          
     675   1.00000e-21                                                          
     685   1.00000e-21                                                          
     695   1.00000e-21                                                          
     705   1.00000e-21                                                          
     716   1.00000e-21                                                          
     726   1.00000e-21                                                          
     735   1.00000e-21                                                          
     745   1.00000e-21                                                          
     755   1.00000e-21                                                          
     765   1.00000e-21                                                          
     775   1.00000e-21                                                          
     785   1.00000e-21                                                          
     795   1.00000e-21                                                          
     805   1.00000e-21                                                          
     815   1.00000e-21                                                          
     825   1.00000e-21                                                          
     835   1.00000e-21                                                          
     845   1.00000e-21                                                          
     855   1.00000e-21                                                          
     865   1.00000e-21                                                          
     875   1.00000e-21                                                          
     885   1.00000e-21                                                          
     895   1.00000e-21                                                          
     905   1.00000e-21                                                          
     915   1.00000e-21                                                          
     925   1.14145e-07                                                          
     935   1.63671e-07                                                          
     945   2.49872e-07                                                          
     955   3.84973e-07                                                          
     965   5.80536e-07                                                          
     975   8.11809e-07                                                          
     985   1.18245e-06                                                          
     995   1.66729e-06                                                          
    1005   2.52259e-06                                                          
    1015   3.55110e-06                                                          
    1025   4.33796e-06                                                          
    1035   7.02246e-06                                                          
    1045   9.92499e-06                                                          
    1055   1.31701e-05                                                          
    1065   1.82272e-05                                                          
    1075   2.50123e-05                                                          
    1085   3.40216e-05                                                          
    1095   4.40183e-05                                                          
    1105   9.35766e-05                                                          
    1115   1.37122e-04                                                          
    1125   1.94473e-04                                                          
    1135   2.80778e-04                                                          
    1145   3.78047e-04                                                          
    1155   4.67317e-04                                                          
    1165   6.32009e-04                                                          
    1175   8.22232e-04                                                          
    1185   9.71992e-04                                                          
    1195   9.79137e-04                                                          
    1205   1.12961e-03                                                          
    1215   6.65576e-04                                                          
    1225   1.66719e-03                                                          
    1235   2.74621e-03                                                          
    1245   3.55173e-03                                                          
    1255   4.24568e-03                                                          
    1265   4.91193e-03                                                          
    1275   6.04983e-03                                                          
    1285   6.82519e-03                                                          
    1295   8.49632e-03                                                          
    1305   9.38339e-03                                                          
    1315   1.18015e-02                                                          
    1325   1.28856e-02                                                          
    1335   1.51452e-02                                                          
    1345   1.82631e-02                                                          
    1355   2.19179e-02                                                          
    1365   2.48481e-02                                                          
    1375   2.85657e-02                                                          
    1385   3.33034e-02                                                          
    1395   3.89411e-02                                                          
    1405   4.73314e-02                                                          
    1415   5.58803e-02                                                          
    1425   6.58927e-02                                                          
    1435   7.83306e-02                                                          
    1442   9.61879e-02                                                          
    1447   9.54040e-02                                                          
    1455   1.08813e-01                                                          
    1465   1.37795e-01                                                          
    1475   1.59739e-01                                                          
    1485   1.79134e-01                                                          
    1495   2.24454e-01                                                          
    1505   2.72037e-01                                                          
    1512   2.45138e-01                                                          
    1517   2.87207e-01                                                          
    1525   6.65889e-01                                                          
    1535   1.13590e+00                                                          
    1545   9.63094e-01                                                          
    1555   1.61956e+00                                                          
    1565   1.55158e+00                                                          
    1575   3.17009e+00                                                          
    1585   3.91137e+00                                                          
    1595   4.63764e+00                                                          
    1605   4.96887e+00                                                          
    1615   5.45603e+00                                                          
    1625   6.27145e+00                                                          
    1635   7.48555e+00                                                          
    1645   1.09329e+01                                                          
    1655   7.23348e+00                                                          
    1665   1.30423e+01                                                          
    1672   8.97195e+00                                                          
    1677   4.05802e+01                                                          
    1685   4.55936e+01                                                          
    1695   5.88227e+01                                                          
    1705   6.27012e+01                                                          
    1715   5.82905e+01                                                          
    1725   7.78632e+01                                                          
    1735   9.45839e+01                                                          
    1745   1.34129e+02                                                          
    1755   1.84293e+02                                                          
    1765   1.78250e+02                                                          
    1775   1.87498e+02                                                          
    1785   2.52007e+02                                                          
    1795   3.01104e+02                                                          
    1805   3.35091e+02                                                          
    1815   3.18614e+02                                                          
    1825   4.16426e+02                                                          
    1835   4.33125e+02                                                          
    1845   3.31231e+02                                                          
    1855   4.76249e+02                                                          
    1865   5.61036e+02                                                          
    1875   6.15749e+02                                                          
    1885   6.66707e+02                                                          
    1895   8.85897e+02                                                          
    1905   8.69351e+02                                                          
    1915   9.75006e+02                                                          
    1925   1.01820e+03                                                          
    1935   7.33583e+02                                                          
    1945   1.32447e+03                                                          
    1955   1.39877e+03                                                          
    1967   1.82834e+03                                                          
    1976   1.80187e+03                                                          
    1984   2.07660e+03                                                          
    1995   2.12496e+03                                                          
    2005   2.11593e+03                                                          
    2015   2.34360e+03                                                          
    2025   1.95976e+03                                                          
    2035   2.66183e+03                                                          
    2045   3.07762e+03                                                          
    2055   3.26355e+03                                                          
    2065   3.28854e+03                                                          
    2074   3.58652e+03                                                          
    2078   8.89751e+03                                                          
    2085   1.19398e+04                                                          
    2095   1.11955e+04                                                          
    2105   1.17743e+04                                                          
    2115   1.38794e+04                                                          
    2125   1.24062e+04                                                          
    2135   1.30326e+04                                                          
    2145   1.72944e+04                                                          
    2155   1.59493e+04                                                          
    2165   1.46664e+04                                                          
    2175   1.42069e+04                                                          
    2185   2.04688e+04                                                          
    2195   1.93623e+04                                                          
    2205   2.01113e+04                                                          
    2215   1.49523e+04                                                          
    2225   1.99291e+04                                                          
    2235   2.96262e+04                                                          
    2245   2.85301e+04                                                          
    2255   2.15692e+04                                                          
    2265   1.78016e+04                                                          
    2275   2.03605e+04                                                          
    2285   3.36952e+04                                                          
    2295   2.57045e+04                                                          
    2305   3.27812e+04                                                          
    2315   2.70345e+04                                                          
    2325   2.46328e+04                                                          
    2335   2.26430e+04                                                          
    2345   1.45906e+04                                                          
    2355   2.87467e+04                                                          
    2365   1.74131e+04                                                          
    2375   2.27796e+04                                                          
    2385   1.39554e+04                                                          
    2395   1.79156e+04                                                          
    2405   1.90299e+04                                                          
    2415   2.05479e+04                                                          
    2425   3.85896e+04                                                          
    2435   4.15052e+04                                                          
    2445   5.20949e+04                                                          
    2455   5.74453e+04                                                          
    2465   4.28437e+04                                                          
    2475   3.70207e+04                                                          
    2485   1.49410e+04                                                          
    2495   2.42280e+04                                                          
    2505   4.23234e+04                                                          
    2513   1.80045e+04                                                          
    2518   1.24060e+04                                                          
    2525   1.44829e+04                                                          
    2535   3.40649e+04                                                          
    2545   3.63045e+04                                                          
    2555   1.00663e+05                                                          
    2565   6.39791e+04                                                          
    2575   9.24666e+04                                                          
    2585   7.85410e+04                                                          
    2595   6.79058e+04                                                          
    2605   5.59204e+04                                                          
    2615   4.97960e+04                                                          
    2625   7.25215e+04                                                          
    2635   1.65084e+05                                                          
    2645   2.32360e+05                                                          
    2655   3.76506e+05                                                          
    2665   2.04470e+05                                                          
    2675   2.36411e+05                                                          
    2685   2.95616e+05                                                          
    2695   1.92976e+05                                                          
    2705   2.58434e+05                                                          
    2715   1.67872e+05                                                          
    2725   1.01095e+05                                                          
    2735   1.53859e+05                                                          
    2745   7.99805e+04                                                          
    2755   1.22245e+05                                                          
    2765   1.73776e+05                                                          
    2775   1.80920e+05                                                          
    2785   9.70223e+04                                                          
    2795   3.76159e+04                                                          
    2805   4.78249e+04                                                          
    2815   1.52692e+05                                                          
    2825   2.43542e+05                                                          
    2835   2.19237e+05                                                          
    2845   1.18801e+05                                                          
    2855   5.49077e+04                                                          
    2865   1.95050e+05                                                          
    2875   3.53718e+05                                                          
    2885   3.08105e+05                                                          
    2895   4.23307e+05                                                          
    2910   5.89764e+05                                                          
    2930   5.06437e+05                                                          
    2950   4.56766e+05                                                          
    2970   4.72006e+05                                                          
    2990   4.87188e+05                                                          
    3010   4.69762e+05                                                          
    3030   5.26564e+05                                                          
    3050   5.51986e+05                                                          
    3070   6.15139e+05                                                          
    3090   5.82574e+05                                                          
    3110   6.97116e+05                                                          
    3130   6.30094e+05                                                          
    3150   6.13090e+05                                                          
    3170   6.83530e+05                                                          
    3190   5.90411e+05                                                          
    3210   6.60666e+05                                                          
    3230   5.38212e+05                                                          
    3250   8.00552e+05                                                          
    3270   9.45114e+05                                                          
    3290   9.04831e+05                                                          
    3310   8.40856e+05                                                          
    3330   8.76357e+05                                                          
    3350   8.41070e+05                                                          
    3370   6.07436e+05                                                          
    3390   7.08393e+05                                                          
    3410   7.27148e+05                                                          
    3430   7.65437e+05                                                          
    3450   8.28604e+05                                                          
    3470   8.67262e+05                                                          
    3490   9.74598e+05                                                          
    3510   1.02659e+06                                                          
    3530   9.19041e+05                                                          
    3550   1.06077e+06                                                          
    3570   7.12959e+05                                                          
    3590   7.26614e+05                                                          
    3610   9.40410e+05                                                          
    3630   9.52190e+05                                                          
    3640   9.82354e+05                                                          
    3650   1.12838e+06                                                          
    3670   1.16855e+06                                                          
    3690   1.07613e+06                                                          
    3710   1.18487e+06                                                          
    3730   8.01923e+05                                                          
    3750   9.18916e+05                                                          
    3770   1.14020e+06                                                          
    3790   1.14740e+06                                                          
    3810   1.07318e+06                                                          
    3830   5.89599e+05                                                          
    3850   7.91343e+05                                                          
    3870   7.70006e+05                                                          
    3890   1.06000e+06                                                          
    3910   1.27438e+06                                                          
    3930   6.27633e+05                                                          
    3950   1.10237e+06                                                          
    3970   7.65949e+05                                                          
    3990   1.58309e+06                                                          
    4010   1.68897e+06                                                          
    4030   1.70274e+06                                                          
    4050   1.63289e+06                                                          
    4070   1.56548e+06                                                          
    4090   1.84849e+06                                                          
    4110   1.83133e+06                                                          
    4130   1.77658e+06                                                          
    4150   1.76626e+06                                                          
    4170   1.78777e+06                                                          
    4190   1.70059e+06                                                          
    4210   1.74239e+06                                                          
    4230   1.69023e+06                                                          
    4250   1.69268e+06                                                          
    4270   1.57742e+06                                                          
    4290   1.44070e+06                                                          
    4310   1.18077e+06                                                          
    4330   1.79726e+06                                                          
    4350   1.73356e+06                                                          
    4370   1.89029e+06                                                          
    4390   1.70386e+06                                                          
    4410   1.85473e+06                                                          
    4430   1.99867e+06                                                          
    4450   1.97802e+06                                                          
    4470   2.10499e+06                                                          
    4490   2.12804e+06                                                          
    4510   2.37345e+06                                                          
    4530   2.12791e+06                                                          
    4550   2.20424e+06                                                          
    4570   2.35081e+06                                                          
    4590   2.20868e+06                                                          
    4610   2.26482e+06                                                          
    4630   2.22304e+06                                                          
    4650   2.25093e+06                                                          
    4670   2.31758e+06                                                          
    4690   2.27016e+06                                                          
    4710   2.21016e+06                                                          
    4730   2.30455e+06                                                          
    4750   2.35694e+06                                                          
    4770   2.36841e+06                                                          
    4790   2.35741e+06                                                          
    4810   2.31877e+06                                                          
    4830   2.37553e+06                                                          
    4850   2.22970e+06                                                          
    4870   2.01226e+06                                                          
    4890   2.24593e+06                                                          
    4910   2.24174e+06                                                          
    4930   2.20336e+06                                                          
    4950   2.31064e+06                                                          
    4970   2.31121e+06                                                          
    4990   2.14800e+06                                                          
    5010   2.06051e+06                                                          
    5030   2.17469e+06                                                          
    5050   2.18909e+06                                                          
    5070   2.28877e+06                                                          
    5090   2.18070e+06                                                          
    5110   2.22111e+06                                                          
    5130   2.16277e+06                                                          
    5150   2.08275e+06                                                          
    5170   1.90682e+06                                                          
    5190   1.94927e+06                                                          
    5210   2.12076e+06                                                          
    5230   2.15096e+06                                                          
    5250   2.22144e+06                                                          
    5270   1.96614e+06                                                          
    5290   2.21171e+06                                                          
    5310   2.30243e+06                                                          
    5330   2.06813e+06                                                          
    5350   2.23457e+06                                                          
    5370   2.22161e+06                                                          
    5390   2.19067e+06                                                          
    5410   2.12087e+06                                                          
    5430   2.17690e+06                                                          
    5450   2.24367e+06                                                          
    5470   2.19371e+06                                                          
    5490   2.20401e+06                                                          
    5510   2.18137e+06                                                          
    5530   2.20201e+06                                                          
    5550   2.22556e+06                                                          
    5570   2.16821e+06                                                          
    5590   2.12483e+06                                                          
    5610   2.19795e+06                                                          
    5630   2.18876e+06                                                          
    5650   2.19534e+06                                                          
    5670   2.14101e+06                                                          
    5690   2.17954e+06                                                          
    5710   2.13025e+06                                                          
    5730   2.27037e+06                                                          
    5750   2.18899e+06                                                          
    5770   2.21033e+06                                                          
    5790   2.14755e+06                                                          
    5810   2.19812e+06                                                          
    5830   2.23415e+06                                                          
    5850   2.18007e+06                                                          
    5870   2.18571e+06                                                          
    5890   2.04462e+06                                                          
    5910   2.15485e+06                                                          
    5930   2.15231e+06                                                          
    5950   2.15595e+06                                                          
    5970   2.16579e+06                                                          
    5990   2.13795e+06                                                          
    6010   2.09921e+06                                                          
    6030   2.11723e+06                                                          
    6050   2.15472e+06                                                          
    6070   2.13566e+06                                                          
    6090   2.07494e+06                                                          
    6110   2.06282e+06                                                          
    6130   1.98323e+06                                                          
    6150   2.01915e+06                                                          
    6170   1.95517e+06                                                          
    6190   2.05272e+06                                                          
    6210   2.05364e+06                                                          
    6230   1.99416e+06                                                          
    6250   1.93623e+06                                                          
    6270   2.01947e+06                                                          
    6290   2.02492e+06                                                          
    6310   1.96858e+06                                                          
    6330   1.97864e+06                                                          
    6350   1.98184e+06                                                          
    6370   1.96915e+06                                                          
    6390   1.98345e+06                                                          
    6410   1.93195e+06                                                          
    6430   1.95339e+06                                                          
    6450   1.93453e+06                                                          
    6470   1.92124e+06                                                          
    6490   1.89410e+06                                                          
    6510   1.93315e+06                                                          
    6530   1.92943e+06                                                          
    6550   1.86498e+06                                                          
    6570   1.67473e+06                                                          
    6590   1.88040e+06                                                          
    6610   1.90958e+06                                                          
    6630   1.89256e+06                                                          
    6650   1.88841e+06                                                          
    6670   1.86257e+06                                                          
    6690   1.89360e+06                                                          
    6710   1.84416e+06                                                          
    6730   1.87100e+06                                                          
    6750   1.84716e+06                                                          
    6770   1.84901e+06                                                          
    6790   1.83459e+06                                                          
    6810   1.82422e+06                                                          
    6830   1.83245e+06                                                          
    6850   1.78545e+06                                                          
    6870   1.80657e+06                                                          
    6890   1.81017e+06                                                          
    6910   1.79167e+06                                                          
    6930   1.78459e+06                                                          
    6950   1.77403e+06                                                          
    6970   1.77142e+06                                                          
    6990   1.76442e+06                                                          
    7010   1.71024e+06                                                          
    7030   1.73568e+06                                                          
    7050   1.74139e+06                                                          
    7070   1.72111e+06                                                          
    7090   1.71161e+06                                                          
    7110   1.71599e+06                                                          
    7130   1.68647e+06                                                          
    7150   1.67629e+06                                                          
    7170   1.67556e+06                                                          
    7190   1.62529e+06                                                          
    7210   1.65838e+06                                                          
    7230   1.65895e+06                                                          
    7250   1.66334e+06                                                          
    7270   1.65488e+06                                                          
    7290   1.60623e+06                                                          
    7310   1.62968e+06                                                          
    7330   1.62633e+06                                                          
    7350   1.62520e+06                                                          
    7370   1.62692e+06                                                          
    7390   1.58299e+06                                                          
    7410   1.54941e+06                                                          
    7430   1.58033e+06                                                          
    7450   1.58173e+06                                                          
    7470   1.58920e+06                                                          
    7490   1.57382e+06                                                          
    7510   1.57165e+06                                                          
    7530   1.57237e+06                                                          
    7550   1.57370e+06                                                          
    7570   1.55716e+06                                                          
    7590   1.54927e+06                                                          
    7610   1.54083e+06                                                          
    7630   1.54242e+06                                                          
    7650   1.53978e+06                                                          
    7670   1.49425e+06                                                          
    7690   1.52615e+06                                                          
    7710   1.50108e+06                                                          
    7730   1.50223e+06                                                          
    7750   1.48217e+06                                                          
    7770   1.50263e+06                                                          
    7790   1.49908e+06                                                          
    7810   1.48882e+06                                                          
    7830   1.47191e+06                                                          
    7850   1.46385e+06                                                          
    7870   1.47536e+06                                                          
    7890   1.46355e+06                                                          
    7910   1.43851e+06                                                          
    7930   1.41559e+06                                                          
    7950   1.41068e+06                                                          
    7970   1.43417e+06                                                          
    7990   1.43301e+06                                                          
    8010   1.41110e+06                                                          
    8030   1.40811e+06                                                          
    8050   1.39535e+06                                                          
    8070   1.40082e+06                                                          
    8090   1.37213e+06                                                          
    8110   1.38342e+06                                                          
    8130   1.38608e+06                                                          
    8150   1.37587e+06                                                          
    8170   1.37180e+06                                                          
    8190   1.33154e+06                                                          
    8210   1.33226e+06                                                          
    8230   1.32990e+06                                                          
    8250   1.33743e+06                                                          
    8270   1.34752e+06                                                          
    8290   1.33832e+06                                                          
    8310   1.30906e+06                                                          
    8330   1.30126e+06                                                          
    8350   1.30476e+06                                                          
    8370   1.30805e+06                                                          
    8390   1.27912e+06                                                          
    8410   1.29952e+06                                                          
    8430   1.27227e+06                                                          
    8450   1.28246e+06                                                          
    8470   1.26867e+06                                                          
    8490   1.27543e+06                                                          
    8510   1.21896e+06                                                          
    8530   1.26941e+06                                                          
    8550   1.19378e+06                                                          
    8570   1.26941e+06                                                          
    8590   1.23796e+06                                                          
    8610   1.23346e+06                                                          
    8630   1.24683e+06                                                          
    8650   1.24538e+06                                                          
    8670   1.15149e+06                                                          
    8690   1.20103e+06                                                          
    8710   1.21442e+06                                                          
    8730   1.21332e+06                                                          
    8750   1.18643e+06                                                          
    8770   1.21062e+06                                                          
    8790   1.19728e+06                                                          
    8810   1.16909e+06                                                          
    8830   1.18542e+06                                                          
    8850   1.18515e+06                                                          
    8870   1.14983e+06                                                          
    8890   1.18170e+06                                                          
    8910   1.18453e+06                                                          
    8930   1.15791e+06                                                          
    8950   1.15701e+06                                                          
    8970   1.15747e+06                                                          
    8990   1.15773e+06                                                          
    9010   1.10293e+06                                                          
    9030   1.14005e+06                                                          
    9050   1.15637e+06                                                          
    9070   1.13318e+06                                                          
    9090   1.10167e+06                                                          
    9110   1.11149e+06                                                          
    9130   1.12849e+06                                                          
    9150   1.12150e+06                                                          
    9170   1.11726e+06                                                          
    9190   1.12328e+06                                                          
    9210   1.09427e+06                                                          
    9230   1.07437e+06                                                          
    9250   1.08130e+06                                                          
    9270   1.08970e+06                                                          
    9290   1.09010e+06                                                          
    9310   1.09184e+06                                                          
    9330   1.08232e+06                                                          
    9350   1.07815e+06                                                          
    9370   1.06857e+06                                                          
    9390   1.07086e+06                                                          
    9410   1.02975e+06                                                          
    9430   1.05967e+06                                                          
    9450   1.04029e+06                                                          
    9470   1.05480e+06                                                          
    9490   1.05556e+06                                                          
    9510   1.04512e+06                                                          
    9530   1.03881e+06                                                          
    9550   1.00487e+06                                                          
    9570   1.02300e+06                                                          
    9590   1.03257e+06                                                          
    9610   1.01894e+06                                                          
    9630   1.00848e+06                                                          
    9650   1.00106e+06                                                          
    9670   9.98461e+05                                                          
    9690   1.00724e+06                                                          
    9710   9.98824e+05                                                          
    9730   9.96166e+05                                                          
    9750   9.85372e+05                                                          
    9770   9.83729e+05                                                          
    9790   9.75673e+05                                                          
    9810   9.82278e+05                                                          
    9830   9.77180e+05                                                          
    9850   9.75663e+05                                                          
    9870   9.65250e+05                                                          
    9890   9.61731e+05                                                          
    9910   9.58488e+05                                                          
    9930   9.61794e+05                                                          
    9950   9.58597e+05                                                          
    9970   9.55045e+05                                                          
    9990   9.49122e+05                                                          
   10025   9.39833e+05                                                          
   10075   9.21892e+05                                                          
   10125   9.22167e+05                                                          
   10175   9.06212e+05                                                          
   10225   9.01970e+05                                                          
   10275   8.98370e+05                                                          
   10325   8.80792e+05                                                          
   10375   8.72000e+05                                                          
   10425   8.69956e+05                                                          
   10475   8.55660e+05                                                          
   10525   8.52529e+05                                                          
   10575   8.41441e+05                                                          
   10625   8.31299e+05                                                          
   10675   8.12365e+05                                                          
   10725   8.12262e+05                                                          
   10775   8.01033e+05                                                          
   10825   7.86313e+05                                                          
   10875   7.81837e+05                                                          
   10925   7.73873e+05                                                          
   10975   7.66628e+05                                                          
   11025   7.70099e+05                                                          
   11075   7.66075e+05                                                          
   11125   7.56162e+05                                                          
   11175   7.46702e+05                                                          
   11225   7.43872e+05                                                          
   11275   7.27658e+05                                                          
   11325   7.24435e+05                                                          
   11375   7.17608e+05                                                          
   11425   7.05911e+05                                                          
   11475   7.11439e+05                                                          
   11525   7.04729e+05                                                          
   11575   6.93605e+05                                                          
   11625   6.81857e+05                                                          
   11675   6.78352e+05                                                          
   11725   6.80752e+05                                                          
   11775   6.64743e+05                                                          
   11825   6.58619e+05                                                          
   11875   6.50244e+05                                                          
   11925   6.57704e+05                                                          
   11975   6.33592e+05                                                          
   12025   6.39380e+05                                                          
   12075   6.30395e+05                                                          
   12125   6.29514e+05                                                          
   12175   6.29653e+05                                                          
   12225   6.23397e+05                                                          
   12275   6.15337e+05                                                          
   12325   6.11483e+05                                                          
   12375   6.06098e+05                                                          
   12425   5.99652e+05                                                          
   12475   5.97113e+05                                                          
   12525   5.89695e+05                                                          
   12575   5.84992e+05                                                          
   12625   5.80074e+05                                                          
   12675   5.72685e+05                                                          
   12725   5.71822e+05                                                          
   12775   5.68083e+05                                                          
   12825   5.39216e+05                                                          
   12875   5.54973e+05                                                          
   12925   5.49539e+05                                                          
   12975   5.49237e+05                                                          
   13025   5.40554e+05                                                          
   13075   5.40089e+05                                                          
   13125   5.30107e+05                                                          
   13175   5.25656e+05                                                          
   13225   5.26351e+05                                                          
   13275   5.16732e+05                                                          
   13325   5.16110e+05                                                          
   13375   5.10730e+05                                                          
   13425   5.10672e+05                                                          
   13475   5.05542e+05                                                          
   13525   5.01791e+05                                                          
   13575   4.92291e+05                                                          
   13625   4.90473e+05                                                          
   13675   4.87246e+05                                                          
   13725   4.83912e+05                                                          
   13775   4.80191e+05                                                          
   13825   4.77834e+05                                                          
   13875   4.74079e+05                                                          
   13925   4.71281e+05                                                          
   13975   4.67939e+05                                                          
   14025   4.60134e+05                                                          
   14075   4.60569e+05                                                          
   14125   4.52980e+05                                                          
   14175   4.54857e+05                                                          
   14225   4.44400e+05                                                          
   14275   4.37614e+05                                                          
   14325   4.42056e+05                                                          
   14375   4.41731e+05                                                          
   14425   4.25039e+05                                                          
   14475   4.33417e+05                                                          
   14525   4.23077e+05                                                          
   14570   4.24795e+05                                                          
   14620   4.22248e+05                                                          
   14675   4.19495e+05                                                          
   14725   4.11353e+05                                                          
   14775   4.09233e+05                                                          
   14825   4.07786e+05                                                          
   14875   3.98308e+05                                                          
   14925   4.06076e+05                                                          
   14975   3.98605e+05                                                          
   15025   3.87239e+05                                                          
   15075   3.85566e+05                                                          
   15125   3.91084e+05                                                          
   15175   3.89516e+05                                                          
   15225   3.82838e+05                                                          
   15275   3.83502e+05                                                          
   15325   3.78890e+05                                                          
   15375   3.77165e+05                                                          
   15425   3.74890e+05                                                          
   15475   3.71816e+05                                                          
   15525   3.65489e+05                                                          
   15575   3.60956e+05                                                          
   15625   3.65173e+05                                                          
   15675   3.54096e+05                                                          
   15725   3.55572e+05                                                          
   15775   3.43236e+05                                                          
   15825   3.47449e+05                                                          
   15875   3.33139e+05                                                          
   15925   3.40148e+05                                                          
   15975   3.42500e+05                                                          
   16050   3.37221e+05                                                          
   16150   3.28893e+05                                                          
   16250   3.28758e+05                                                          
   16350   3.20474e+05                                                          
   16450   3.11453e+05                                                          
   16550   3.11703e+05                                                          
   16650   3.06218e+05                                                          
   16750   2.96456e+05                                                          
   16850   2.86439e+05                                                          
   16950   2.89852e+05                                                          
   17050   2.80200e+05                                                          
   17150   2.76249e+05                                                          
   17250   2.68292e+05                                                          
   17350   2.56316e+05                                                          
   17450   2.57802e+05                                                          
   17550   2.54440e+05                                                          
   17650   2.49606e+05                                                          
   17750   2.44422e+05                                                          
   17850   2.40792e+05                                                          
   17950   2.36107e+05                                                          
   18050   2.30700e+05                                                          
   18150   2.20983e+05                                                          
   18250   2.20350e+05                                                          
   18350   2.17556e+05                                                          
   18450   2.11703e+05                                                          
   18550   2.09412e+05                                                          
   18650   2.03232e+05                                                          
   18750   1.92642e+05                                                          
   18850   1.97015e+05                                                          
   18950   1.89498e+05                                                          
   19050   1.90789e+05                                                          
   19150   1.86712e+05                                                          
   19250   1.83495e+05                                                          
   19350   1.78475e+05                                                          
   19450   1.70415e+05                                                          
   19550   1.73304e+05                                                          
   19650   1.69905e+05                                                          
   19750   1.66415e+05                                                          
   19850   1.64113e+05                                                          
   19950   1.61378e+05                                                          
   20050   1.59498e+05                                                          
   20150   1.57351e+05                                                          
   20250   1.52994e+05                                                          
   20350   1.49484e+05                                                          
   20450   1.49047e+05                                                          
   20550   1.46103e+05                                                          
   20650   1.42672e+05                                                          
   20750   1.40699e+05                                                          
   20850   1.38404e+05                                                          
   20950   1.35086e+05                                                          
   21050   1.33995e+05                                                          
   21150   1.31484e+05                                                          
   21250   1.29192e+05                                                          
   21350   1.27406e+05                                                          
   21450   1.25356e+05                                                          
   21550   1.23224e+05                                                          
   21650   1.17274e+05                                                          
   21750   1.18259e+05                                                          
   21850   1.16548e+05                                                          
   21950   1.15362e+05                                                          
   22050   1.12423e+05                                                          
   22150   1.11516e+05                                                          
   22250   1.09418e+05                                                          
   22350   1.07668e+05                                                          
   22450   1.05964e+05                                                          
   22550   1.04206e+05                                                          
   22650   1.02343e+05                                                          
   22750   1.01165e+05                                                          
   22850   9.90140e+04                                                          
   22950   9.55802e+04                                                          
   23050   9.55269e+04                                                          
   23150   9.40433e+04                                                          
   23250   8.99506e+04                                                          
   23350   9.00924e+04                                                          
   23450   8.97029e+04                                                          
   23550   8.51826e+04                                                          
   23650   8.60975e+04                                                          
   23750   8.50997e+04                                                          
   23850   8.11179e+04                                                          
   23950   8.18468e+04                                                          
   24050   8.10452e+04                                                          
   24150   7.79883e+04                                                          
   24250   7.78990e+04                                                          
   24350   7.70360e+04                                                          
   24450   7.51073e+04                                                          
   24550   7.37386e+04                                                          
   24650   7.39842e+04                                                          
   24750   7.22091e+04                                                          
   24850   7.03863e+04                                                          
   24950   7.03144e+04                                                          
   25050   6.99854e+04                                                          
   25150   6.78924e+04                                                          
   25250   6.76717e+04                                                          
   25350   6.68011e+04                                                          
   25450   6.55125e+04                                                          
   25550   6.45745e+04                                                          
   25650   6.36218e+04                                                          
   25750   6.33764e+04                                                          
   25850   6.14101e+04                                                          
   25950   6.13206e+04                                                          
   26050   6.06810e+04                                                          
   26150   5.95181e+04                                                          
   26250   5.73200e+04                                                          
   26350   5.79721e+04                                                          
   26450   5.70889e+04                                                          
   26550   5.63875e+04                                                          
   26650   5.52070e+04                                                          
   26750   5.49710e+04                                                          
   26850   5.45523e+04                                                          
   26950   5.37008e+04                                                          
   27050   5.30767e+04                                                          
   27150   5.23269e+04                                                          
   27250   5.16480e+04                                                          
   27350   5.09856e+04                                                          
   27450   5.04207e+04                                                          
   27550   4.93680e+04                                                          
   27650   4.87983e+04                                                          
   27750   4.82526e+04                                                          
   27850   4.77041e+04                                                          
   27950   4.72037e+04                                                          
   28050   4.65523e+04                                                          
   28150   4.59558e+04                                                          
   28250   4.53305e+04                                                          
   28350   4.48427e+04                                                          
   28450   4.40954e+04                                                          
   28550   4.36031e+04                                                          
   28650   4.29676e+04                                                          
   28750   4.20686e+04                                                          
   28850   4.19115e+04                                                          
   28950   4.14336e+04                                                          
   29050   4.08987e+04                                                          
   29150   4.03829e+04                                                          
   29250   3.97316e+04                                                          
   29350   3.93681e+04                                                          
   29450   3.87569e+04                                                          
   29550   3.83577e+04                                                          
   29650   3.79220e+04                                                          
   29750   3.74359e+04                                                          
   29850   3.69607e+04                                                          
   29950   3.64362e+04                                                          
   30050   3.59936e+04                                                          
   30150   3.56128e+04                                                          
   30250   3.51143e+04                                                          
   30350   3.42922e+04                                                          
   30450   3.41734e+04                                                          
   30550   3.38357e+04                                                          
   30650   3.33766e+04                                                          
   30750   3.30685e+04                                                          
   30850   3.25660e+04                                                          
   30950   3.21931e+04                                                          
   31050   3.18828e+04                                                          
   31150   3.12484e+04                                                          
   31250   3.10733e+04                                                          
   31350   3.07387e+04                                                          
   31450   3.03690e+04                                                          
   31550   2.98924e+04                                                          
   31650   2.95985e+04                                                          
   31750   2.92636e+04                                                          
   31850   2.89277e+04                                                          
   31950   2.86306e+04                                                          
   32100   2.80645e+04                                                          
   32300   2.74411e+04                                                          
   32500   2.67842e+04                                                          
   32700   2.61548e+04                                                          
   32900   2.53459e+04                                                          
   33100   2.49365e+04                                                          
   33300   2.43535e+04                                                          
   33500   2.38701e+04                                                          
   33700   2.33068e+04                                                          
   33900   2.27456e+04                                                          
   34100   2.22135e+04                                                          
   34300   2.18146e+04                                                          
   34500   2.13710e+04                                                          
   34700   2.08853e+04                                                          
   34900   2.04379e+04                                                          
   35100   2.00110e+04                                                          
   35300   1.95385e+04                                                          
   35500   1.91534e+04                                                          
   35700   1.87183e+04                                                          
   35900   1.83224e+04                                                          
   36100   1.79810e+04                                                          
   36300   1.76050e+04                                                          
   36500   1.71804e+04                                                          
   36700   1.68138e+04                                                          
   36900   1.63793e+04                                                          
   37100   1.60359e+04                                                          
   37300   1.57540e+04                                                          
   37500   1.52812e+04                                                          
   37700   1.51532e+04                                                          
   37900   1.48359e+04                                                          
   38100   1.45715e+04                                                          
   38300   1.43143e+04                                                          
   38500   1.40454e+04                                                          
   38700   1.37325e+04                                                          
   38900   1.34688e+04                                                          
   39100   1.32286e+04                                                          
   39300   1.29778e+04                                                          
   39500   1.26800e+04                                                          
   39700   1.24620e+04                                                          
   39900   1.21536e+04                                                          
   40100   1.19573e+04                                                          
   40300   1.17703e+04                                                          
   40500   1.14518e+04                                                          
   40700   1.13200e+04                                                          
   40900   1.11149e+04                                                          
   41100   1.09218e+04                                                          
   41300   1.07326e+04                                                          
   41500   1.05111e+04                                                          
   41700   1.03167e+04                                                          
   41900   1.01255e+04                                                          
   42100   9.90169e+03                                                          
   42300   9.79420e+03                                                          
   42500   9.58606e+03                                                          
   42700   9.43662e+03                                                          
   42900   9.03738e+03                                                          
   43100   8.73163e+03                                                          
   43300   8.68890e+03                                                          
   43500   8.28978e+03                                                          
   43700   8.12366e+03                                                          
   43900   8.03985e+03                                                          
   44100   7.65077e+03                                                          
   44300   7.61484e+03                                                          
   44500   7.50779e+03                                                          
   44700   7.17729e+03                                                          
   44900   7.20212e+03                                                          
   45100   7.05231e+03                                                          
   45300   6.78857e+03                                                          
   45500   6.78521e+03                                                          
   45700   6.71906e+03                                                          
   45900   6.45459e+03                                                          
   46100   6.46021e+03                                                          
   46300   6.34858e+03                                                          
   46500   6.24417e+03                                                          
   46700   6.17321e+03                                                          
   46900   6.09613e+03                                                          
   47100   5.98285e+03                                                          
   47300   5.95648e+03                                                          
   47500   5.83680e+03                                                          
   47700   5.73894e+03                                                          
   47900   5.66760e+03                                                          
   48100   5.54282e+03                                                          
   48300   5.53299e+03                                                          
   48500   5.43036e+03                                                          
   48700   5.32821e+03                                                          
   48900   5.26114e+03                                                          
   49100   5.17708e+03                                                          
   49300   5.09865e+03                                                          
   49500   5.01496e+03                                                          
   49700   4.95089e+03                                                          
   49900   4.87179e+03                                                          
   50100   4.82437e+03                                                          
   50300   4.75385e+03                                                          
   50500   4.65289e+03                                                          
   50700   4.59992e+03                                                          
   50900   4.54940e+03                                                          
   51100   4.45724e+03                                                          
   51300   4.40451e+03                                                          
   51500   4.33881e+03                                                          
   51700   4.31073e+03                                                          
   51900   4.22392e+03                                                          
   52100   4.16421e+03                                                          
   52300   4.09766e+03                                                          
   52500   4.06232e+03                                                          
   52700   4.02153e+03                                                          
   52900   3.92977e+03                                                          
   53100   3.88712e+03                                                          
   53300   3.83618e+03                                                          
   53500   3.78912e+03                                                          
   53700   3.73787e+03                                                          
   53900   3.69020e+03                                                          
   54100   3.63933e+03                                                          
   54300   3.56913e+03                                                          
   54500   3.54315e+03                                                          
   54700   3.49075e+03                                                          
   54900   3.44189e+03                                                          
   55100   3.40115e+03                                                          
   55300   3.37711e+03                                                          
   55500   3.30095e+03                                                          
   55700   3.28556e+03                                                          
   55900   3.22452e+03                                                          
   56100   3.18671e+03                                                          
   56300   3.13797e+03                                                          
   56500   3.11463e+03                                                          
   56700   3.07401e+03                                                          
   56900   3.01736e+03                                                          
   57100   2.99622e+03                                                          
   57300   2.95500e+03                                                          
   57500   2.91790e+03                                                          
   57700   2.87578e+03                                                          
   57900   2.84764e+03                                                          
   58100   2.80342e+03                                                          
   58300   2.77053e+03                                                          
   58500   2.73970e+03                                                          
   58700   2.69590e+03                                                          
   58900   2.66079e+03                                                          
   59100   2.63052e+03                                                          
   59300   2.60241e+03                                                          
   59500   2.56323e+03                                                          
   59700   2.54033e+03                                                          
   59900   2.50822e+03                                                          
   60100   2.47662e+03                                                          
   60300   2.44683e+03                                                          
   60500   2.41305e+03                                                          
   60700   2.38250e+03                                                          
   60900   2.35307e+03                                                          
   61100   2.31957e+03                                                          
   61300   2.29712e+03                                                          
   61500   2.27063e+03                                                          
   61700   2.24415e+03                                                          
   61900   2.21841e+03                                                          
   62100   2.19223e+03                                                          
   62300   2.15961e+03                                                          
   62500   2.13378e+03                                                          
   62700   2.10902e+03                                                          
   62900   2.08539e+03                                                          
   63100   2.05740e+03                                                          
   63300   2.03879e+03                                                          
   63500   2.01167e+03                                                          
   63700   1.99031e+03                                                          
   63900   1.96436e+03                                                          
   64200   1.93024e+03                                                          
   64600   1.88343e+03                                                          
   65000   1.83903e+03                                                          
   65400   1.79748e+03                                                          
   65800   1.75681e+03                                                          
   66200   1.71506e+03                                                          
   66600   1.67633e+03                                                          
   67000   1.63765e+03                                                          
   67400   1.59934e+03                                                          
   67800   1.56391e+03                                                          
   68200   1.52837e+03                                                          
   68600   1.49434e+03                                                          
   69000   1.46072e+03                                                          
   69400   1.42794e+03                                                          
   69800   1.39703e+03                                                          
   70200   1.36485e+03                                                          
   70600   1.33603e+03                                                          
   71000   1.30700e+03                                                          
   71400   1.27871e+03                                                          
   71800   1.25101e+03                                                          
   72200   1.22405e+03                                                          
   72600   1.19761e+03                                                          
   73000   1.17280e+03                                                          
   73400   1.14723e+03                                                          
   73800   1.12375e+03                                                          
   74200   1.09941e+03                                                          
   74600   1.07446e+03                                                          
   75000   1.05341e+03                                                          
   75400   1.03229e+03                                                          
   75800   1.01203e+03                                                          
   76200   9.91254e+02                                                          
   76600   9.71282e+02                                                          
   77000   9.51226e+02                                                          
   77400   9.32452e+02                                                          
   77800   9.13894e+02                                                          
   78200   8.95626e+02                                                          
   78600   8.77954e+02                                                          
   79000   8.60632e+02                                                          
   79400   8.43651e+02                                                          
   79800   8.27324e+02                                                          
   80200   8.10852e+02                                                          
   80600   7.95052e+02                                                          
   81000   7.80182e+02                                                          
   81400   7.64697e+02                                                          
   81800   7.50445e+02                                                          
   82200   7.36432e+02                                                          
   82600   7.22375e+02                                                          
   83000   7.08919e+02                                                          
   83400   6.95256e+02                                                          
   83800   6.82470e+02                                                          
   84200   6.70064e+02                                                          
   84600   6.57644e+02                                                          
   85000   6.45593e+02                                                          
   85400   6.33756e+02                                                          
   85800   6.22289e+02                                                          
   86200   6.10943e+02                                                          
   86600   6.00036e+02                                                          
   87000   5.89287e+02                                                          
   87400   5.78725e+02                                                          
   87800   5.68424e+02                                                          
   88200   5.58085e+02                                                          
   88600   5.48321e+02                                                          
   89000   5.38544e+02                                                          
   89400   5.29370e+02                                                          
   89800   5.19846e+02                                                          
   90200   5.11104e+02                                                          
   90600   5.02481e+02                                                          
   91000   4.93439e+02                                                          
   91400   4.85125e+02                                                          
   91800   4.77036e+02                                                          
   92200   4.69027e+02                                                          
   92600   4.61068e+02                                                          
   93000   4.53339e+02                                                          
   93400   4.45698e+02                                                          
   93800   4.38293e+02                                                          
   94200   4.31011e+02                                                          
   94600   4.23849e+02                                                          
   95000   4.16859e+02                                                          
   95400   4.09985e+02                                                          
   95800   4.03367e+02                                                          
   96200   3.96715e+02                                                          
   96600   3.90378e+02                                                          
   97000   3.84081e+02                                                          
   97400   3.77570e+02                                                          
   97800   3.71705e+02                                                          
   98200   3.65873e+02                                                          
   98600   3.60086e+02                                                          
   99000   3.54429e+02                                                          
   99400   3.48742e+02                                                          
   99800   3.43303e+02                                                          
  100200   3.37940e+02                                                          
  200000   2.18594e+01                                                          
  400000   1.37155e+00                                                          
  600000   2.69537e-01                                                          
  800000   8.47626e-02                                                          
 1000000   3.45169e-02                                                          
 1200000   1.65560e-02                                                          
 1400000   8.89282e-03                                                          
 1600000   5.18969e-03                                                          
