      91   1.00000e-21
      94   1.00000e-21                                                          
      96   1.00000e-21                                                          
      98   1.00000e-21                                                          
     100   1.00000e-21                                                          
     102   1.00000e-21                                                          
     104   1.00000e-21                                                          
     106   1.00000e-21                                                          
     108   1.00000e-21                                                          
     110   1.00000e-21                                                          
     114   1.00000e-21                                                          
     118   1.00000e-21                                                          
     121   1.00000e-21                                                          
     125   1.00000e-21                                                          
     127   1.00000e-21                                                          
     128   1.00000e-21                                                          
     130   1.00000e-21                                                          
     132   1.00000e-21                                                          
     134   1.00000e-21                                                          
     137   1.00000e-21                                                          
     140   1.00000e-21                                                          
     143   1.00000e-21                                                          
     147   1.00000e-21                                                          
     151   1.00000e-21                                                          
     155   1.00000e-21                                                          
     159   1.00000e-21                                                          
     162   1.00000e-21                                                          
     166   1.00000e-21                                                          
     170   1.00000e-21                                                          
     173   1.00000e-21                                                          
     177   1.00000e-21                                                          
     180   1.00000e-21                                                          
     182   1.00000e-21                                                          
     186   1.00000e-21                                                          
     191   1.00000e-21                                                          
     194   1.00000e-21                                                          
     198   1.00000e-21                                                          
     202   1.00000e-21                                                          
     205   1.00000e-21                                                          
     210   1.00000e-21                                                          
     216   1.00000e-21                                                          
     220   1.00000e-21                                                          
     223   1.00000e-21                                                          
     227   1.00000e-21                                                          
     230   1.00000e-21                                                          
     234   1.00000e-21                                                          
     240   1.00000e-21                                                          
     246   1.00000e-21                                                          
     252   1.00000e-21                                                          
     257   1.00000e-21                                                          
     260   1.00000e-21                                                          
     264   1.00000e-21                                                          
     268   1.00000e-21                                                          
     274   1.00000e-21                                                          
     278   1.00000e-21                                                          
     284   1.00000e-21                                                          
     290   1.00000e-21                                                          
     296   1.00000e-21                                                          
     301   1.00000e-21                                                          
     308   1.00000e-21                                                          
     318   1.00000e-21                                                          
     328   1.00000e-21                                                          
     338   1.00000e-21                                                          
     348   1.00000e-21                                                          
     357   1.00000e-21                                                          
     366   1.00000e-21                                                          
     375   1.00000e-21                                                          
     385   1.00000e-21                                                          
     395   1.00000e-21                                                          
     405   1.00000e-21                                                          
     414   1.00000e-21                                                          
     422   1.00000e-21                                                          
     430   1.00000e-21                                                          
     441   1.00000e-21                                                          
     451   1.00000e-21                                                          
     460   1.00000e-21                                                          
     470   1.00000e-21                                                          
     480   1.00000e-21                                                          
     490   1.00000e-21                                                          
     500   1.00000e-21                                                          
     506   1.00000e-21                                                          
     512   1.00000e-21                                                          
     520   1.00000e-21                                                          
     530   1.00000e-21                                                          
     540   1.00000e-21                                                          
     550   1.00000e-21                                                          
     560   1.00000e-21                                                          
     570   1.00000e-21                                                          
     580   1.00000e-21                                                          
     590   1.00000e-21                                                          
     600   1.00000e-21                                                          
     610   1.00000e-21                                                          
     620   1.00000e-21                                                          
     630   1.00000e-21                                                          
     640   1.00000e-21                                                          
     650   1.00000e-21                                                          
     658   1.00000e-21                                                          
     665   1.00000e-21                                                          
     675   1.00000e-21                                                          
     685   1.00000e-21                                                          
     695   1.00000e-21                                                          
     705   1.00000e-21                                                          
     716   1.00000e-21                                                          
     726   1.00000e-21                                                          
     735   1.00000e-21                                                          
     745   1.00000e-21                                                          
     755   1.00000e-21                                                          
     765   1.00000e-21                                                          
     775   1.00000e-21                                                          
     785   1.00000e-21                                                          
     795   1.00000e-21                                                          
     805   1.00000e-21                                                          
     815   1.00000e-21                                                          
     825   1.00000e-21                                                          
     835   1.00000e-21                                                          
     845   1.00000e-21                                                          
     855   1.00000e-21                                                          
     865   1.00000e-21                                                          
     875   1.00000e-21                                                          
     885   1.00000e-21                                                          
     895   1.00000e-21                                                          
     905   1.00000e-21                                                          
     915   1.00000e-21                                                          
     925   6.07906e-06                                                          
     935   8.81355e-06                                                          
     945   1.26961e-05                                                          
     955   1.88772e-05                                                          
     965   2.68518e-05                                                          
     975   3.76557e-05                                                          
     985   5.26796e-05                                                          
     995   7.29561e-05                                                          
    1005   1.02858e-04                                                          
    1015   1.40738e-04                                                          
    1025   1.80088e-04                                                          
    1035   2.59105e-04                                                          
    1045   3.48311e-04                                                          
    1055   4.64714e-04                                                          
    1065   6.16044e-04                                                          
    1075   8.14642e-04                                                          
    1085   1.07039e-03                                                          
    1095   1.39417e-03                                                          
    1105   6.24931e-03                                                          
    1115   1.20368e-02                                                          
    1125   1.80933e-02                                                          
    1135   2.58400e-02                                                          
    1145   3.44881e-02                                                          
    1155   3.96123e-02                                                          
    1165   5.42965e-02                                                          
    1175   6.86058e-02                                                          
    1185   7.35757e-02                                                          
    1195   5.43287e-02                                                          
    1205   5.83528e-02                                                          
    1215   2.28457e-02                                                          
    1225   7.91722e-02                                                          
    1235   1.70752e-01                                                          
    1245   2.74265e-01                                                          
    1255   3.49954e-01                                                          
    1265   3.61859e-01                                                          
    1275   4.68861e-01                                                          
    1285   5.58348e-01                                                          
    1295   6.82101e-01                                                          
    1305   6.85538e-01                                                          
    1315   8.89032e-01                                                          
    1325   9.51208e-01                                                          
    1335   1.07542e+00                                                          
    1345   1.24967e+00                                                          
    1355   1.43049e+00                                                          
    1365   1.54547e+00                                                          
    1375   1.68317e+00                                                          
    1385   1.86718e+00                                                          
    1395   2.11066e+00                                                          
    1405   2.50838e+00                                                          
    1415   2.82121e+00                                                          
    1425   3.21261e+00                                                          
    1435   3.71126e+00                                                          
    1442   4.71499e+00                                                          
    1447   4.35629e+00                                                          
    1455   5.09435e+00                                                          
    1465   6.26844e+00                                                          
    1475   7.07776e+00                                                          
    1485   7.72665e+00                                                          
    1495   9.84328e+00                                                          
    1505   1.17644e+01                                                          
    1512   9.53820e+00                                                          
    1517   1.17442e+01                                                          
    1525   2.33706e+01                                                          
    1535   3.52088e+01                                                          
    1545   3.07621e+01                                                          
    1555   4.65355e+01                                                          
    1565   4.41419e+01                                                          
    1575   7.46875e+01                                                          
    1585   9.00633e+01                                                          
    1595   1.04629e+02                                                          
    1605   1.11881e+02                                                          
    1615   1.22973e+02                                                          
    1625   1.36464e+02                                                          
    1635   1.57902e+02                                                          
    1645   2.15042e+02                                                          
    1655   1.36167e+02                                                          
    1665   2.44240e+02                                                          
    1672   1.73125e+02                                                          
    1677   5.79389e+02                                                          
    1685   6.57316e+02                                                          
    1695   8.00219e+02                                                          
    1705   8.65689e+02                                                          
    1715   9.12620e+02                                                          
    1725   1.11655e+03                                                          
    1735   1.37205e+03                                                          
    1745   1.81528e+03                                                          
    1755   2.56075e+03                                                          
    1765   2.22225e+03                                                          
    1775   2.62471e+03                                                          
    1785   3.32823e+03                                                          
    1795   4.69727e+03                                                          
    1805   4.30601e+03                                                          
    1815   3.87720e+03                                                          
    1825   4.84079e+03                                                          
    1835   5.02500e+03                                                          
    1845   3.69859e+03                                                          
    1855   5.82714e+03                                                          
    1865   7.20628e+03                                                          
    1875   7.62011e+03                                                          
    1885   8.14189e+03                                                          
    1895   1.07120e+04                                                          
    1905   1.02188e+04                                                          
    1915   1.11473e+04                                                          
    1925   1.00416e+04                                                          
    1935   6.55500e+03                                                          
    1945   1.42552e+04                                                          
    1955   1.47304e+04                                                          
    1967   1.93664e+04                                                          
    1976   1.69929e+04                                                          
    1984   2.29975e+04                                                          
    1995   2.45322e+04                                                          
    2005   2.33362e+04                                                          
    2015   2.48507e+04                                                          
    2025   1.97064e+04                                                          
    2035   2.87110e+04                                                          
    2045   3.35175e+04                                                          
    2055   3.24311e+04                                                          
    2065   3.16565e+04                                                          
    2074   3.53383e+04                                                          
    2078   1.12916e+05                                                          
    2085   1.60598e+05                                                          
    2095   1.45927e+05                                                          
    2105   1.40449e+05                                                          
    2115   1.61551e+05                                                          
    2125   1.36493e+05                                                          
    2135   1.29093e+05                                                          
    2145   1.79825e+05                                                          
    2155   1.80631e+05                                                          
    2165   1.49701e+05                                                          
    2175   1.54127e+05                                                          
    2185   2.10234e+05                                                          
    2195   2.00645e+05                                                          
    2205   1.95045e+05                                                          
    2215   1.35786e+05                                                          
    2225   1.71285e+05                                                          
    2235   2.44624e+05                                                          
    2245   2.30984e+05                                                          
    2255   1.61391e+05                                                          
    2265   1.45519e+05                                                          
    2275   1.70190e+05                                                          
    2285   2.50894e+05                                                          
    2295   1.98819e+05                                                          
    2305   2.60349e+05                                                          
    2315   2.01300e+05                                                          
    2325   1.55370e+05                                                          
    2335   1.19701e+05                                                          
    2345   6.88707e+04                                                          
    2355   1.74586e+05                                                          
    2365   8.15287e+04                                                          
    2375   1.18233e+05                                                          
    2385   5.73757e+04                                                          
    2395   7.89659e+04                                                          
    2405   7.85034e+04                                                          
    2415   1.07570e+05                                                          
    2425   2.25024e+05                                                          
    2435   2.33515e+05                                                          
    2445   2.88337e+05                                                          
    2455   3.13729e+05                                                          
    2465   2.54706e+05                                                          
    2475   2.22269e+05                                                          
    2485   1.10626e+05                                                          
    2495   1.58450e+05                                                          
    2505   2.77366e+05                                                          
    2513   8.59506e+04                                                          
    2518   6.21778e+04                                                          
    2525   7.39388e+04                                                          
    2535   1.54144e+05                                                          
    2545   1.71597e+05                                                          
    2555   3.59915e+05                                                          
    2565   2.43453e+05                                                          
    2575   3.22190e+05                                                          
    2585   2.69293e+05                                                          
    2595   2.27599e+05                                                          
    2605   1.82579e+05                                                          
    2615   1.61258e+05                                                          
    2625   2.43241e+05                                                          
    2635   4.89221e+05                                                          
    2645   7.10261e+05                                                          
    2655   9.67907e+05                                                          
    2665   5.93876e+05                                                          
    2675   6.98055e+05                                                          
    2685   7.98074e+05                                                          
    2695   5.92087e+05                                                          
    2705   7.31463e+05                                                          
    2715   5.13394e+05                                                          
    2725   4.15661e+05                                                          
    2735   5.36244e+05                                                          
    2745   2.43780e+05                                                          
    2755   3.59007e+05                                                          
    2765   4.96312e+05                                                          
    2775   5.37200e+05                                                          
    2785   2.84431e+05                                                          
    2795   1.05596e+05                                                          
    2805   1.34065e+05                                                          
    2815   4.55880e+05                                                          
    2825   7.57627e+05                                                          
    2835   7.56469e+05                                                          
    2845   5.56618e+05                                                          
    2855   2.87103e+05                                                          
    2865   8.17803e+05                                                          
    2875   1.04985e+06                                                          
    2885   8.89981e+05                                                          
    2895   1.03797e+06                                                          
    2910   1.35282e+06                                                          
    2930   1.18848e+06                                                          
    2950   1.13836e+06                                                          
    2970   1.23454e+06                                                          
    2990   1.25007e+06                                                          
    3010   1.32384e+06                                                          
    3030   1.34978e+06                                                          
    3050   1.41606e+06                                                          
    3070   1.42846e+06                                                          
    3090   1.42661e+06                                                          
    3110   1.51258e+06                                                          
    3130   1.45966e+06                                                          
    3150   1.38764e+06                                                          
    3170   1.48988e+06                                                          
    3190   1.32702e+06                                                          
    3210   1.50989e+06                                                          
    3230   1.25378e+06                                                          
    3250   1.65449e+06                                                          
    3270   1.88473e+06                                                          
    3290   1.80372e+06                                                          
    3310   1.78407e+06                                                          
    3330   1.80715e+06                                                          
    3350   1.77795e+06                                                          
    3370   1.44647e+06                                                          
    3390   1.63418e+06                                                          
    3410   1.66210e+06                                                          
    3430   1.69618e+06                                                          
    3450   1.81409e+06                                                          
    3470   1.84991e+06                                                          
    3490   1.96483e+06                                                          
    3510   2.03740e+06                                                          
    3530   1.91218e+06                                                          
    3550   2.17939e+06                                                          
    3570   1.73587e+06                                                          
    3590   1.67955e+06                                                          
    3610   1.90134e+06                                                          
    3630   1.90656e+06                                                          
    3640   1.93077e+06                                                          
    3650   2.17403e+06                                                          
    3670   2.15904e+06                                                          
    3690   2.04481e+06                                                          
    3710   2.26163e+06                                                          
    3730   1.90500e+06                                                          
    3750   2.09800e+06                                                          
    3770   2.38250e+06                                                          
    3790   2.47989e+06                                                          
    3810   2.54661e+06                                                          
    3830   1.70962e+06                                                          
    3850   2.28581e+06                                                          
    3870   2.23894e+06                                                          
    3890   2.33287e+06                                                          
    3910   2.63952e+06                                                          
    3930   1.38179e+06                                                          
    3950   2.26292e+06                                                          
    3970   1.58044e+06                                                          
    3990   2.99617e+06                                                          
    4010   3.17368e+06                                                          
    4030   3.22311e+06                                                          
    4050   3.14040e+06                                                          
    4070   3.07341e+06                                                          
    4090   3.34200e+06                                                          
    4110   3.19348e+06                                                          
    4130   3.33312e+06                                                          
    4150   3.40718e+06                                                          
    4170   3.38637e+06                                                          
    4190   3.28978e+06                                                          
    4210   3.29060e+06                                                          
    4230   3.17424e+06                                                          
    4250   3.21268e+06                                                          
    4270   3.06059e+06                                                          
    4290   2.83521e+06                                                          
    4310   2.40272e+06                                                          
    4330   3.22426e+06                                                          
    4350   3.06179e+06                                                          
    4370   3.43207e+06                                                          
    4390   3.18495e+06                                                          
    4410   3.35807e+06                                                          
    4430   3.47275e+06                                                          
    4450   3.43634e+06                                                          
    4470   3.57892e+06                                                          
    4490   3.57846e+06                                                          
    4510   3.88437e+06                                                          
    4530   3.55487e+06                                                          
    4550   3.63670e+06                                                          
    4570   3.84592e+06                                                          
    4590   3.62925e+06                                                          
    4610   3.71672e+06                                                          
    4630   3.64720e+06                                                          
    4650   3.69232e+06                                                          
    4670   3.77095e+06                                                          
    4690   3.69508e+06                                                          
    4710   3.57630e+06                                                          
    4730   3.73056e+06                                                          
    4750   3.77537e+06                                                          
    4770   3.77040e+06                                                          
    4790   3.75021e+06                                                          
    4810   3.70421e+06                                                          
    4830   3.75482e+06                                                          
    4850   3.49644e+06                                                          
    4870   3.10389e+06                                                          
    4890   3.56600e+06                                                          
    4910   3.55914e+06                                                          
    4930   3.50640e+06                                                          
    4950   3.63184e+06                                                          
    4970   3.65200e+06                                                          
    4990   3.41858e+06                                                          
    5010   3.30014e+06                                                          
    5030   3.46079e+06                                                          
    5050   3.47213e+06                                                          
    5070   3.59398e+06                                                          
    5090   3.47132e+06                                                          
    5110   3.51662e+06                                                          
    5130   3.43111e+06                                                          
    5150   3.33077e+06                                                          
    5170   3.17185e+06                                                          
    5190   3.17399e+06                                                          
    5210   3.33481e+06                                                          
    5230   3.36600e+06                                                          
    5250   3.43190e+06                                                          
    5270   3.11596e+06                                                          
    5290   3.40196e+06                                                          
    5310   3.47642e+06                                                          
    5330   3.21619e+06                                                          
    5350   3.39940e+06                                                          
    5370   3.38340e+06                                                          
    5390   3.34633e+06                                                          
    5410   3.24874e+06                                                          
    5430   3.32523e+06                                                          
    5450   3.38771e+06                                                          
    5470   3.32187e+06                                                          
    5490   3.33240e+06                                                          
    5510   3.30703e+06                                                          
    5530   3.31284e+06                                                          
    5550   3.33233e+06                                                          
    5570   3.25638e+06                                                          
    5590   3.21251e+06                                                          
    5610   3.27595e+06                                                          
    5630   3.27629e+06                                                          
    5650   3.26662e+06                                                          
    5670   3.19359e+06                                                          
    5690   3.23519e+06                                                          
    5710   3.18078e+06                                                          
    5730   3.32926e+06                                                          
    5750   3.23204e+06                                                          
    5770   3.25044e+06                                                          
    5790   3.18618e+06                                                          
    5810   3.22378e+06                                                          
    5830   3.25194e+06                                                          
    5850   3.18622e+06                                                          
    5870   3.18818e+06                                                          
    5890   3.05139e+06                                                          
    5910   3.14867e+06                                                          
    5930   3.13736e+06                                                          
    5950   3.13625e+06                                                          
    5970   3.13300e+06                                                          
    5990   3.10065e+06                                                          
    6010   3.05376e+06                                                          
    6030   3.05758e+06                                                          
    6050   3.09932e+06                                                          
    6070   3.07489e+06                                                          
    6090   3.01134e+06                                                          
    6110   2.98443e+06                                                          
    6130   2.89047e+06                                                          
    6150   2.91171e+06                                                          
    6170   2.85100e+06                                                          
    6190   2.95341e+06                                                          
    6210   2.95034e+06                                                          
    6230   2.88329e+06                                                          
    6250   2.79672e+06                                                          
    6270   2.90388e+06                                                          
    6290   2.90008e+06                                                          
    6310   2.82456e+06                                                          
    6330   2.83739e+06                                                          
    6350   2.83405e+06                                                          
    6370   2.81623e+06                                                          
    6390   2.82585e+06                                                          
    6410   2.75591e+06                                                          
    6430   2.77488e+06                                                          
    6450   2.75248e+06                                                          
    6470   2.73572e+06                                                          
    6490   2.69796e+06                                                          
    6510   2.73395e+06                                                          
    6530   2.71872e+06                                                          
    6550   2.58729e+06                                                          
    6570   2.23488e+06                                                          
    6590   2.63961e+06                                                          
    6610   2.68759e+06                                                          
    6630   2.67025e+06                                                          
    6650   2.66023e+06                                                          
    6670   2.62953e+06                                                          
    6690   2.65622e+06                                                          
    6710   2.60571e+06                                                          
    6730   2.62217e+06                                                          
    6750   2.59300e+06                                                          
    6770   2.59060e+06                                                          
    6790   2.57146e+06                                                          
    6810   2.55547e+06                                                          
    6830   2.55605e+06                                                          
    6850   2.50675e+06                                                          
    6870   2.52401e+06                                                          
    6890   2.52135e+06                                                          
    6910   2.49809e+06                                                          
    6930   2.48991e+06                                                          
    6950   2.47687e+06                                                          
    6970   2.46761e+06                                                          
    6990   2.45797e+06                                                          
    7010   2.39153e+06                                                          
    7030   2.41669e+06                                                          
    7050   2.41776e+06                                                          
    7070   2.39602e+06                                                          
    7090   2.38037e+06                                                          
    7110   2.37215e+06                                                          
    7130   2.34673e+06                                                          
    7150   2.33292e+06                                                          
    7170   2.32107e+06                                                          
    7190   2.27013e+06                                                          
    7210   2.29764e+06                                                          
    7230   2.28873e+06                                                          
    7250   2.29396e+06                                                          
    7270   2.28295e+06                                                          
    7290   2.22644e+06                                                          
    7310   2.24681e+06                                                          
    7330   2.24082e+06                                                          
    7350   2.23863e+06                                                          
    7370   2.23444e+06                                                          
    7390   2.18220e+06                                                          
    7410   2.13831e+06                                                          
    7430   2.16878e+06                                                          
    7450   2.16835e+06                                                          
    7470   2.17330e+06                                                          
    7490   2.15252e+06                                                          
    7510   2.14660e+06                                                          
    7530   2.14282e+06                                                          
    7550   2.14326e+06                                                          
    7570   2.12086e+06                                                          
    7590   2.11053e+06                                                          
    7610   2.09656e+06                                                          
    7630   2.09567e+06                                                          
    7650   2.08555e+06                                                          
    7670   2.03549e+06                                                          
    7690   2.06350e+06                                                          
    7710   2.03445e+06                                                          
    7730   2.03678e+06                                                          
    7750   2.01011e+06                                                          
    7770   2.01527e+06                                                          
    7790   2.02173e+06                                                          
    7810   2.00707e+06                                                          
    7830   1.98490e+06                                                          
    7850   1.97168e+06                                                          
    7870   1.98413e+06                                                          
    7890   1.97312e+06                                                          
    7910   1.94859e+06                                                          
    7930   1.91704e+06                                                          
    7950   1.91461e+06                                                          
    7970   1.93295e+06                                                          
    7990   1.92817e+06                                                          
    8010   1.90080e+06                                                          
    8030   1.89376e+06                                                          
    8050   1.87863e+06                                                          
    8070   1.88498e+06                                                          
    8090   1.85387e+06                                                          
    8110   1.86625e+06                                                          
    8130   1.86397e+06                                                          
    8150   1.85014e+06                                                          
    8170   1.84109e+06                                                          
    8190   1.79153e+06                                                          
    8210   1.79189e+06                                                          
    8230   1.78407e+06                                                          
    8250   1.78706e+06                                                          
    8270   1.79912e+06                                                          
    8290   1.78748e+06                                                          
    8310   1.75649e+06                                                          
    8330   1.73752e+06                                                          
    8350   1.74572e+06                                                          
    8370   1.74543e+06                                                          
    8390   1.71685e+06                                                          
    8410   1.72904e+06                                                          
    8430   1.69924e+06                                                          
    8450   1.69809e+06                                                          
    8470   1.68223e+06                                                          
    8490   1.68712e+06                                                          
    8510   1.61258e+06                                                          
    8530   1.68139e+06                                                          
    8550   1.57061e+06                                                          
    8570   1.68026e+06                                                          
    8590   1.63360e+06                                                          
    8610   1.62247e+06                                                          
    8630   1.64941e+06                                                          
    8650   1.64003e+06                                                          
    8670   1.50282e+06                                                          
    8690   1.59098e+06                                                          
    8710   1.60740e+06                                                          
    8730   1.59941e+06                                                          
    8750   1.53763e+06                                                          
    8770   1.59031e+06                                                          
    8790   1.58075e+06                                                          
    8810   1.55242e+06                                                          
    8830   1.56093e+06                                                          
    8850   1.54699e+06                                                          
    8870   1.48274e+06                                                          
    8890   1.54903e+06                                                          
    8910   1.54858e+06                                                          
    8930   1.52015e+06                                                          
    8950   1.52175e+06                                                          
    8970   1.51959e+06                                                          
    8990   1.51506e+06                                                          
    9010   1.42145e+06                                                          
    9030   1.47975e+06                                                          
    9050   1.50587e+06                                                          
    9070   1.47110e+06                                                          
    9090   1.43391e+06                                                          
    9110   1.45215e+06                                                          
    9130   1.47068e+06                                                          
    9150   1.46383e+06                                                          
    9170   1.45631e+06                                                          
    9190   1.45835e+06                                                          
    9210   1.41965e+06                                                          
    9230   1.35038e+06                                                          
    9250   1.39779e+06                                                          
    9270   1.41068e+06                                                          
    9290   1.41754e+06                                                          
    9310   1.41574e+06                                                          
    9330   1.40389e+06                                                          
    9350   1.39776e+06                                                          
    9370   1.38988e+06                                                          
    9390   1.38669e+06                                                          
    9410   1.33225e+06                                                          
    9430   1.36767e+06                                                          
    9450   1.35034e+06                                                          
    9470   1.36296e+06                                                          
    9490   1.36175e+06                                                          
    9510   1.34767e+06                                                          
    9530   1.33397e+06                                                          
    9550   1.25604e+06                                                          
    9570   1.31747e+06                                                          
    9590   1.32750e+06                                                          
    9610   1.31055e+06                                                          
    9630   1.29516e+06                                                          
    9650   1.29366e+06                                                          
    9670   1.28459e+06                                                          
    9690   1.29168e+06                                                          
    9710   1.28739e+06                                                          
    9730   1.28324e+06                                                          
    9750   1.26600e+06                                                          
    9770   1.26572e+06                                                          
    9790   1.25892e+06                                                          
    9810   1.25878e+06                                                          
    9830   1.25292e+06                                                          
    9850   1.24734e+06                                                          
    9870   1.23564e+06                                                          
    9890   1.22881e+06                                                          
    9910   1.22435e+06                                                          
    9930   1.22696e+06                                                          
    9950   1.22264e+06                                                          
    9970   1.21762e+06                                                          
    9990   1.21070e+06                                                          
   10025   1.19024e+06                                                          
   10075   1.15969e+06                                                          
   10125   1.17056e+06                                                          
   10175   1.15226e+06                                                          
   10225   1.14538e+06                                                          
   10275   1.13879e+06                                                          
   10325   1.11697e+06                                                          
   10375   1.10581e+06                                                          
   10425   1.09881e+06                                                          
   10475   1.07765e+06                                                          
   10525   1.07302e+06                                                          
   10575   1.06006e+06                                                          
   10625   1.04550e+06                                                          
   10675   1.01789e+06                                                          
   10725   1.01825e+06                                                          
   10775   1.00555e+06                                                          
   10825   9.88210e+05                                                          
   10875   9.80219e+05                                                          
   10925   9.48912e+05                                                          
   10975   9.55209e+05                                                          
   11025   9.61363e+05                                                          
   11075   9.54932e+05                                                          
   11125   9.41290e+05                                                          
   11175   9.29362e+05                                                          
   11225   9.24479e+05                                                          
   11275   9.02488e+05                                                          
   11325   8.96201e+05                                                          
   11375   8.90027e+05                                                          
   11425   8.74224e+05                                                          
   11475   8.79172e+05                                                          
   11525   8.69844e+05                                                          
   11575   8.56716e+05                                                          
   11625   8.39877e+05                                                          
   11675   8.32645e+05                                                          
   11725   8.36114e+05                                                          
   11775   8.13711e+05                                                          
   11825   8.08250e+05                                                          
   11875   7.96237e+05                                                          
   11925   8.04567e+05                                                          
   11975   7.77576e+05                                                          
   12025   7.81439e+05                                                          
   12075   7.70326e+05                                                          
   12125   7.67085e+05                                                          
   12175   7.65369e+05                                                          
   12225   7.57259e+05                                                          
   12275   7.46781e+05                                                          
   12325   7.41311e+05                                                          
   12375   7.34064e+05                                                          
   12425   7.26669e+05                                                          
   12475   7.21533e+05                                                          
   12525   7.12413e+05                                                          
   12575   7.04454e+05                                                          
   12625   6.98614e+05                                                          
   12675   6.90478e+05                                                          
   12725   6.87655e+05                                                          
   12775   6.79483e+05                                                          
   12825   6.33156e+05                                                          
   12875   6.64448e+05                                                          
   12925   6.59231e+05                                                          
   12975   6.56482e+05                                                          
   13025   6.46892e+05                                                          
   13075   6.44458e+05                                                          
   13125   6.33529e+05                                                          
   13175   6.26616e+05                                                          
   13225   6.26281e+05                                                          
   13275   6.15782e+05                                                          
   13325   6.13080e+05                                                          
   13375   6.06467e+05                                                          
   13425   6.04240e+05                                                          
   13475   5.98107e+05                                                          
   13525   5.92277e+05                                                          
   13575   5.82085e+05                                                          
   13625   5.79804e+05                                                          
   13675   5.74161e+05                                                          
   13725   5.67140e+05                                                          
   13775   5.63763e+05                                                          
   13825   5.59943e+05                                                          
   13875   5.56463e+05                                                          
   13925   5.50767e+05                                                          
   13975   5.46311e+05                                                          
   14025   5.38399e+05                                                          
   14075   5.36918e+05                                                          
   14125   5.28291e+05                                                          
   14175   5.28450e+05                                                          
   14225   5.17268e+05                                                          
   14275   5.10385e+05                                                          
   14325   5.12631e+05                                                          
   14375   5.11108e+05                                                          
   14425   4.91521e+05                                                          
   14475   5.00608e+05                                                          
   14525   4.88136e+05                                                          
   14570   4.90124e+05                                                          
   14620   4.85532e+05                                                          
   14675   4.82250e+05                                                          
   14725   4.73423e+05                                                          
   14775   4.69427e+05                                                          
   14825   4.67598e+05                                                          
   14875   4.57728e+05                                                          
   14925   4.63614e+05                                                          
   14975   4.55384e+05                                                          
   15025   4.45447e+05                                                          
   15075   4.41284e+05                                                          
   15125   4.44698e+05                                                          
   15175   4.41949e+05                                                          
   15225   4.34344e+05                                                          
   15275   4.33622e+05                                                          
   15325   4.28163e+05                                                          
   15375   4.25438e+05                                                          
   15425   4.20800e+05                                                          
   15475   4.18235e+05                                                          
   15525   4.12207e+05                                                          
   15575   4.05773e+05                                                          
   15625   4.10386e+05                                                          
   15675   3.98328e+05                                                          
   15725   3.96764e+05                                                          
   15775   3.88822e+05                                                          
   15825   3.90650e+05                                                          
   15875   3.72781e+05                                                          
   15925   3.81868e+05                                                          
   15975   3.84189e+05                                                          
   16050   3.76301e+05                                                          
   16150   3.64607e+05                                                          
   16250   3.66673e+05                                                          
   16350   3.55509e+05                                                          
   16450   3.43090e+05                                                          
   16550   3.46495e+05                                                          
   16650   3.40326e+05                                                          
   16750   3.28106e+05                                                          
   16850   3.14619e+05                                                          
   16950   3.21256e+05                                                          
   17050   3.11563e+05                                                          
   17150   3.07006e+05                                                          
   17250   2.97835e+05                                                          
   17350   2.80135e+05                                                          
   17450   2.85211e+05                                                          
   17550   2.82192e+05                                                          
   17650   2.76655e+05                                                          
   17750   2.71316e+05                                                          
   17850   2.66761e+05                                                          
   17950   2.61988e+05                                                          
   18050   2.55670e+05                                                          
   18150   2.41161e+05                                                          
   18250   2.43479e+05                                                          
   18350   2.41399e+05                                                          
   18450   2.35415e+05                                                          
   18550   2.32158e+05                                                          
   18650   2.25773e+05                                                          
   18750   2.10600e+05                                                          
   18850   2.18014e+05                                                          
   18950   2.10994e+05                                                          
   19050   2.11596e+05                                                          
   19150   2.07156e+05                                                          
   19250   2.03433e+05                                                          
   19350   1.98075e+05                                                          
   19450   1.86135e+05                                                          
   19550   1.91853e+05                                                          
   19650   1.88524e+05                                                          
   19750   1.84766e+05                                                          
   19850   1.82212e+05                                                          
   19950   1.79022e+05                                                          
   20050   1.76510e+05                                                          
   20150   1.74009e+05                                                          
   20250   1.69639e+05                                                          
   20350   1.65810e+05                                                          
   20450   1.64869e+05                                                          
   20550   1.61727e+05                                                          
   20650   1.58049e+05                                                          
   20750   1.55752e+05                                                          
   20850   1.53192e+05                                                          
   20950   1.49815e+05                                                          
   21050   1.48138e+05                                                          
   21150   1.45357e+05                                                          
   21250   1.42832e+05                                                          
   21350   1.40760e+05                                                          
   21450   1.38585e+05                                                          
   21550   1.36008e+05                                                          
   21650   1.27533e+05                                                          
   21750   1.30619e+05                                                          
   21850   1.28883e+05                                                          
   21950   1.27525e+05                                                          
   22050   1.24509e+05                                                          
   22150   1.23069e+05                                                          
   22250   1.21082e+05                                                          
   22350   1.19131e+05                                                          
   22450   1.17194e+05                                                          
   22550   1.15014e+05                                                          
   22650   1.13236e+05                                                          
   22750   1.11684e+05                                                          
   22850   1.09540e+05                                                          
   22950   1.07888e+05                                                          
   23050   1.06683e+05                                                          
   23150   1.04723e+05                                                          
   23250   1.02755e+05                                                          
   23350   1.01175e+05                                                          
   23450   1.00081e+05                                                          
   23550   9.76781e+04                                                          
   23650   9.67530e+04                                                          
   23750   9.50407e+04                                                          
   23850   9.29088e+04                                                          
   23950   9.21492e+04                                                          
   24050   9.06775e+04                                                          
   24150   8.89124e+04                                                          
   24250   8.78013e+04                                                          
   24350   8.63313e+04                                                          
   24450   8.50870e+04                                                          
   24550   8.33825e+04                                                          
   24650   8.28237e+04                                                          
   24750   8.12808e+04                                                          
   24850   7.96802e+04                                                          
   24950   7.88039e+04                                                          
   25050   7.82678e+04                                                          
   25150   7.67726e+04                                                          
   25250   7.56165e+04                                                          
   25350   7.46479e+04                                                          
   25450   7.35440e+04                                                          
   25550   7.23008e+04                                                          
   25650   7.08541e+04                                                          
   25750   7.06377e+04                                                          
   25850   6.89634e+04                                                          
   25950   6.85344e+04                                                          
   26050   6.75162e+04                                                          
   26150   6.60188e+04                                                          
   26250   6.28541e+04                                                          
   26350   6.45230e+04                                                          
   26450   6.35990e+04                                                          
   26550   6.28469e+04                                                          
   26650   6.15471e+04                                                          
   26750   6.06370e+04                                                          
   26850   6.05155e+04                                                          
   26950   5.97387e+04                                                          
   27050   5.89274e+04                                                          
   27150   5.80858e+04                                                          
   27250   5.72953e+04                                                          
   27350   5.65917e+04                                                          
   27450   5.58603e+04                                                          
   27550   5.42548e+04                                                          
   27650   5.39273e+04                                                          
   27750   5.35160e+04                                                          
   27850   5.28495e+04                                                          
   27950   5.22448e+04                                                          
   28050   5.15239e+04                                                          
   28150   5.08740e+04                                                          
   28250   5.01719e+04                                                          
   28350   4.95768e+04                                                          
   28450   4.87800e+04                                                          
   28550   4.82256e+04                                                          
   28650   4.74118e+04                                                          
   28750   4.60191e+04                                                          
   28850   4.63000e+04                                                          
   28950   4.57861e+04                                                          
   29050   4.52043e+04                                                          
   29150   4.45898e+04                                                          
   29250   4.39533e+04                                                          
   29350   4.34928e+04                                                          
   29450   4.28509e+04                                                          
   29550   4.23842e+04                                                          
   29650   4.18764e+04                                                          
   29750   4.13339e+04                                                          
   29850   4.08246e+04                                                          
   29950   4.02476e+04                                                          
   30050   3.97544e+04                                                          
   30150   3.93012e+04                                                          
   30250   3.87692e+04                                                          
   30350   3.75052e+04                                                          
   30450   3.75244e+04                                                          
   30550   3.73485e+04                                                          
   30650   3.68563e+04                                                          
   30750   3.64978e+04                                                          
   30850   3.59579e+04                                                          
   30950   3.55431e+04                                                          
   31050   3.51690e+04                                                          
   31150   3.45048e+04                                                          
   31250   3.42782e+04                                                          
   31350   3.39037e+04                                                          
   31450   3.34908e+04                                                          
   31550   3.29994e+04                                                          
   31650   3.26775e+04                                                          
   31750   3.22816e+04                                                          
   31850   3.19208e+04                                                          
   31950   3.15792e+04                                                          
   32100   3.09658e+04                                                          
   32300   3.02836e+04                                                          
   32500   2.95600e+04                                                          
   32700   2.88631e+04                                                          
   32900   2.77344e+04                                                          
   33100   2.74911e+04                                                          
   33300   2.68851e+04                                                          
   33500   2.63417e+04                                                          
   33700   2.57068e+04                                                          
   33900   2.51039e+04                                                          
   34100   2.45195e+04                                                          
   34300   2.40651e+04                                                          
   34500   2.35744e+04                                                          
   34700   2.30395e+04                                                          
   34900   2.25458e+04                                                          
   35100   2.20677e+04                                                          
   35300   2.15614e+04                                                          
   35500   2.11250e+04                                                          
   35700   2.06472e+04                                                          
   35900   2.02121e+04                                                          
   36100   1.98241e+04                                                          
   36300   1.94115e+04                                                          
   36500   1.89491e+04                                                          
   36700   1.85517e+04                                                          
   36900   1.80702e+04                                                          
   37100   1.77112e+04                                                          
   37300   1.73210e+04                                                          
   37500   1.67700e+04                                                          
   37700   1.67141e+04                                                          
   37900   1.63712e+04                                                          
   38100   1.60552e+04                                                          
   38300   1.57694e+04                                                          
   38500   1.54806e+04                                                          
   38700   1.51417e+04                                                          
   38900   1.48453e+04                                                          
   39100   1.45518e+04                                                          
   39300   1.43040e+04                                                          
   39500   1.39873e+04                                                          
   39700   1.37410e+04                                                          
   39900   1.34107e+04                                                          
   40100   1.31699e+04                                                          
   40300   1.29524e+04                                                          
   40500   1.25338e+04                                                          
   40700   1.24754e+04                                                          
   40900   1.22461e+04                                                          
   41100   1.20364e+04                                                          
   41300   1.18230e+04                                                          
   41500   1.15805e+04                                                          
   41700   1.13359e+04                                                          
   41900   1.11569e+04                                                          
   42100   1.09199e+04                                                          
   42300   1.07861e+04                                                          
   42500   1.05660e+04                                                          
   42700   1.03949e+04                                                          
   42900   1.01157e+04                                                          
   43100   9.86650e+03                                                          
   43300   9.72120e+03                                                          
   43500   9.43303e+03                                                          
   43700   9.20748e+03                                                          
   43900   9.11444e+03                                                          
   44100   8.84081e+03                                                          
   44300   8.73978e+03                                                          
   44500   8.60266e+03                                                          
   44700   8.36080e+03                                                          
   44900   8.28767e+03                                                          
   45100   8.13946e+03                                                          
   45300   7.93276e+03                                                          
   45500   7.84638e+03                                                          
   45700   7.73765e+03                                                          
   45900   7.54173e+03                                                          
   46100   7.46685e+03                                                          
   46300   7.33815e+03                                                          
   46500   7.15925e+03                                                          
   46700   7.07606e+03                                                          
   46900   7.01148e+03                                                          
   47100   6.90558e+03                                                          
   47300   6.82104e+03                                                          
   47500   6.69834e+03                                                          
   47700   6.59011e+03                                                          
   47900   6.50070e+03                                                          
   48100   6.37575e+03                                                          
   48300   6.30712e+03                                                          
   48500   6.19811e+03                                                          
   48700   6.10079e+03                                                          
   48900   6.00886e+03                                                          
   49100   5.91723e+03                                                          
   49300   5.82393e+03                                                          
   49500   5.73292e+03                                                          
   49700   5.64415e+03                                                          
   49900   5.56432e+03                                                          
   50100   5.48797e+03                                                          
   50300   5.40603e+03                                                          
   50500   5.30451e+03                                                          
   50700   5.23429e+03                                                          
   50900   5.16685e+03                                                          
   51100   5.07276e+03                                                          
   51300   4.96903e+03                                                          
   51500   4.92780e+03                                                          
   51700   4.87404e+03                                                          
   51900   4.78714e+03                                                          
   52100   4.71378e+03                                                          
   52300   4.64361e+03                                                          
   52500   4.58610e+03                                                          
   52700   4.52718e+03                                                          
   52900   4.44459e+03                                                          
   53100   4.39161e+03                                                          
   53300   4.32537e+03                                                          
   53500   4.26879e+03                                                          
   53700   4.20628e+03                                                          
   53900   4.15036e+03                                                          
   54100   4.09285e+03                                                          
   54300   4.02086e+03                                                          
   54500   3.97865e+03                                                          
   54700   3.91879e+03                                                          
   54900   3.86407e+03                                                          
   55100   3.81742e+03                                                          
   55300   3.77080e+03                                                          
   55500   3.70728e+03                                                          
   55700   3.66938e+03                                                          
   55900   3.60606e+03                                                          
   56100   3.56286e+03                                                          
   56300   3.51217e+03                                                          
   56500   3.47439e+03                                                          
   56700   3.42807e+03                                                          
   56900   3.37449e+03                                                          
   57100   3.33669e+03                                                          
   57300   3.29219e+03                                                          
   57500   3.24781e+03                                                          
   57700   3.20409e+03                                                          
   57900   3.16264e+03                                                          
   58100   3.12016e+03                                                          
   58300   3.08090e+03                                                          
   58500   3.04277e+03                                                          
   58700   2.99802e+03                                                          
   58900   2.95412e+03                                                          
   59100   2.90093e+03                                                          
   59300   2.88647e+03                                                          
   59500   2.84315e+03                                                          
   59700   2.81377e+03                                                          
   59900   2.77764e+03                                                          
   60100   2.74109e+03                                                          
   60300   2.70776e+03                                                          
   60500   2.67302e+03                                                          
   60700   2.63773e+03                                                          
   60900   2.60365e+03                                                          
   61100   2.56684e+03                                                          
   61300   2.54001e+03                                                          
   61500   2.50940e+03                                                          
   61700   2.47792e+03                                                          
   61900   2.44785e+03                                                          
   62100   2.41752e+03                                                          
   62300   2.38182e+03                                                          
   62500   2.35530e+03                                                          
   62700   2.32654e+03                                                          
   62900   2.29968e+03                                                          
   63100   2.26804e+03                                                          
   63300   2.24488e+03                                                          
   63500   2.21630e+03                                                          
   63700   2.18967e+03                                                          
   63900   2.16248e+03                                                          
   64200   2.12430e+03                                                          
   64600   2.07219e+03                                                          
   65000   2.02221e+03                                                          
   65400   1.97605e+03                                                          
   65800   1.93013e+03                                                          
   66200   1.88425e+03                                                          
   66600   1.84116e+03                                                          
   67000   1.79803e+03                                                          
   67400   1.75606e+03                                                          
   67800   1.71664e+03                                                          
   68200   1.67746e+03                                                          
   68600   1.63956e+03                                                          
   69000   1.60262e+03                                                          
   69400   1.56627e+03                                                          
   69800   1.53228e+03                                                          
   70200   1.49698e+03                                                          
   70600   1.46510e+03                                                          
   71000   1.43322e+03                                                          
   71400   1.40197e+03                                                          
   71800   1.37150e+03                                                          
   72200   1.34169e+03                                                          
   72600   1.31280e+03                                                          
   73000   1.28545e+03                                                          
   73400   1.25752e+03                                                          
   73800   1.23150e+03                                                          
   74200   1.20495e+03                                                          
   74600   1.17440e+03                                                          
   75000   1.15116e+03                                                          
   75400   1.13126e+03                                                          
   75800   1.10879e+03                                                          
   76200   1.08599e+03                                                          
   76600   1.06407e+03                                                          
   77000   1.04208e+03                                                          
   77400   1.02151e+03                                                          
   77800   1.00108e+03                                                          
   78200   9.81104e+02                                                          
   78600   9.61672e+02                                                          
   79000   9.42677e+02                                                          
   79400   9.24092e+02                                                          
   79800   9.06113e+02                                                          
   80200   8.88130e+02                                                          
   80600   8.70845e+02                                                          
   81000   8.54425e+02                                                          
   81400   8.37524e+02                                                          
   81800   8.21754e+02                                                          
   82200   8.06429e+02                                                          
   82600   7.91044e+02                                                          
   83000   7.76249e+02                                                          
   83400   7.61287e+02                                                          
   83800   7.47291e+02                                                          
   84200   7.33645e+02                                                          
   84600   7.20089e+02                                                          
   85000   7.06871e+02                                                          
   85400   6.93869e+02                                                          
   85800   6.81290e+02                                                          
   86200   6.68833e+02                                                          
   86600   6.56864e+02                                                          
   87000   6.45087e+02                                                          
   87400   6.33513e+02                                                          
   87800   6.22231e+02                                                          
   88200   6.10943e+02                                                          
   88600   6.00230e+02                                                          
   89000   5.89563e+02                                                          
   89400   5.79438e+02                                                          
   89800   5.69038e+02                                                          
   90200   5.59389e+02                                                          
   90600   5.49931e+02                                                          
   91000   5.40112e+02                                                          
   91400   5.30959e+02                                                          
   91800   5.22073e+02                                                          
   92200   5.13293e+02                                                          
   92600   5.04574e+02                                                          
   93000   4.96112e+02                                                          
   93400   4.87734e+02                                                          
   93800   4.79630e+02                                                          
   94200   4.71647e+02                                                          
   94600   4.63821e+02                                                          
   95000   4.56163e+02                                                          
   95400   4.48591e+02                                                          
   95800   4.41364e+02                                                          
   96200   4.34073e+02                                                          
   96600   4.27131e+02                                                          
   97000   4.20238e+02                                                          
   97400   4.13166e+02                                                          
   97800   4.06709e+02                                                          
   98200   4.00281e+02                                                          
   98600   3.93956e+02                                                          
   99000   3.87757e+02                                                          
   99400   3.81536e+02                                                          
   99800   3.75570e+02                                                          
  100200   3.69687e+02                                                          
  200000   2.38668e+01                                                          
  400000   1.49551e+00                                                          
  600000   2.93767e-01                                                          
  800000   9.23736e-02                                                          
 1000000   3.76180e-02                                                          
 1200000   1.80467e-02                                                          
 1400000   9.69553e-03                                                          
 1600000   5.65905e-03                                                          
