      91   1.00000e-21
      94   1.00000e-21                                                          
      96   1.00000e-21                                                          
      98   1.00000e-21                                                          
     100   1.00000e-21                                                          
     102   1.00000e-21                                                          
     104   1.00000e-21                                                          
     106   1.00000e-21                                                          
     108   1.00000e-21                                                          
     110   1.00000e-21                                                          
     114   1.00000e-21                                                          
     118   1.00000e-21                                                          
     121   1.00000e-21                                                          
     125   1.00000e-21                                                          
     127   1.00000e-21                                                          
     128   1.00000e-21                                                          
     130   1.00000e-21                                                          
     132   1.00000e-21                                                          
     134   1.00000e-21                                                          
     137   1.00000e-21                                                          
     140   1.00000e-21                                                          
     143   1.00000e-21                                                          
     147   1.00000e-21                                                          
     151   1.00000e-21                                                          
     155   1.00000e-21                                                          
     159   1.00000e-21                                                          
     162   1.00000e-21                                                          
     166   1.00000e-21                                                          
     170   1.00000e-21                                                          
     173   1.00000e-21                                                          
     177   1.00000e-21                                                          
     180   1.00000e-21                                                          
     182   1.00000e-21                                                          
     186   1.00000e-21                                                          
     191   1.00000e-21                                                          
     194   1.00000e-21                                                          
     198   1.00000e-21                                                          
     202   1.00000e-21                                                          
     205   1.00000e-21                                                          
     210   1.00000e-21                                                          
     216   1.00000e-21                                                          
     220   1.00000e-21                                                          
     223   1.00000e-21                                                          
     227   1.00000e-21                                                          
     230   1.00000e-21                                                          
     234   1.00000e-21                                                          
     240   1.00000e-21                                                          
     246   1.00000e-21                                                          
     252   1.00000e-21                                                          
     257   1.00000e-21                                                          
     260   1.00000e-21                                                          
     264   1.00000e-21                                                          
     268   1.00000e-21                                                          
     274   1.00000e-21                                                          
     278   1.00000e-21                                                          
     284   1.00000e-21                                                          
     290   1.00000e-21                                                          
     296   1.00000e-21                                                          
     301   1.00000e-21                                                          
     308   1.00000e-21                                                          
     318   1.00000e-21                                                          
     328   1.00000e-21                                                          
     338   1.00000e-21                                                          
     348   1.00000e-21                                                          
     357   1.00000e-21                                                          
     366   1.00000e-21                                                          
     375   1.00000e-21                                                          
     385   1.00000e-21                                                          
     395   1.00000e-21                                                          
     405   1.00000e-21                                                          
     414   1.00000e-21                                                          
     422   1.00000e-21                                                          
     430   1.00000e-21                                                          
     441   1.00000e-21                                                          
     451   1.00000e-21                                                          
     460   1.00000e-21                                                          
     470   1.00000e-21                                                          
     480   1.00000e-21                                                          
     490   1.00000e-21                                                          
     500   1.00000e-21                                                          
     506   1.00000e-21                                                          
     512   1.00000e-21                                                          
     520   1.00000e-21                                                          
     530   1.00000e-21                                                          
     540   1.00000e-21                                                          
     550   1.00000e-21                                                          
     560   1.00000e-21                                                          
     570   1.00000e-21                                                          
     580   1.00000e-21                                                          
     590   1.00000e-21                                                          
     600   1.00000e-21                                                          
     610   1.00000e-21                                                          
     620   1.00000e-21                                                          
     630   1.00000e-21                                                          
     640   1.00000e-21                                                          
     650   1.00000e-21                                                          
     658   1.00000e-21                                                          
     665   1.00000e-21                                                          
     675   1.00000e-21                                                          
     685   1.00000e-21                                                          
     695   1.00000e-21                                                          
     705   1.00000e-21                                                          
     716   1.00000e-21                                                          
     726   1.00000e-21                                                          
     735   1.00000e-21                                                          
     745   1.00000e-21                                                          
     755   1.00000e-21                                                          
     765   1.00000e-21                                                          
     775   1.00000e-21                                                          
     785   1.00000e-21                                                          
     795   1.00000e-21                                                          
     805   1.00000e-21                                                          
     815   1.00000e-21                                                          
     825   1.00000e-21                                                          
     835   1.00000e-21                                                          
     845   1.00000e-21                                                          
     855   1.00000e-21                                                          
     865   1.00000e-21                                                          
     875   1.00000e-21                                                          
     885   1.00000e-21                                                          
     895   1.00000e-21                                                          
     905   1.00000e-21                                                          
     915   1.00000e-21                                                          
     925   4.12802e-05                                                          
     935   5.87826e-05                                                          
     945   8.30627e-05                                                          
     955   1.20959e-04                                                          
     965   1.68642e-04                                                          
     975   2.32650e-04                                                          
     985   3.19573e-04                                                          
     995   4.35142e-04                                                          
    1005   6.01304e-04                                                          
    1015   8.09100e-04                                                          
    1025   1.02284e-03                                                          
    1035   1.43949e-03                                                          
    1045   1.90292e-03                                                          
    1055   2.50042e-03                                                          
    1065   3.26408e-03                                                          
    1075   4.24671e-03                                                          
    1085   5.49343e-03                                                          
    1095   7.05835e-03                                                          
    1105   2.93697e-02                                                          
    1115   5.81507e-02                                                          
    1125   8.67486e-02                                                          
    1135   1.21404e-01                                                          
    1145   1.60408e-01                                                          
    1155   1.80591e-01                                                          
    1165   2.46288e-01                                                          
    1175   3.06432e-01                                                          
    1185   3.18335e-01                                                          
    1195   2.16074e-01                                                          
    1205   2.25476e-01                                                          
    1215   9.73812e-02                                                          
    1225   3.02353e-01                                                          
    1235   6.85329e-01                                                          
    1245   1.31427e+00                                                          
    1255   1.80573e+00                                                          
    1265   1.84316e+00                                                          
    1275   2.50121e+00                                                          
    1285   3.12170e+00                                                          
    1295   3.78580e+00                                                          
    1305   3.70329e+00                                                          
    1315   4.98419e+00                                                          
    1325   5.46750e+00                                                          
    1335   6.16997e+00                                                          
    1345   7.19824e+00                                                          
    1355   8.06228e+00                                                          
    1365   8.78384e+00                                                          
    1375   9.45255e+00                                                          
    1385   1.03243e+01                                                          
    1395   1.16366e+01                                                          
    1405   1.36463e+01                                                          
    1415   1.50820e+01                                                          
    1425   1.68866e+01                                                          
    1435   1.90903e+01                                                          
    1442   2.40830e+01                                                          
    1447   2.24358e+01                                                          
    1455   2.61498e+01                                                          
    1465   3.09684e+01                                                          
    1475   3.43911e+01                                                          
    1485   3.76501e+01                                                          
    1495   4.76926e+01                                                          
    1505   5.61195e+01                                                          
    1512   4.69142e+01                                                          
    1517   5.60168e+01                                                          
    1525   1.04256e+02                                                          
    1535   1.48426e+02                                                          
    1545   1.36399e+02                                                          
    1555   1.91310e+02                                                          
    1565   1.81063e+02                                                          
    1575   2.90377e+02                                                          
    1585   3.44993e+02                                                          
    1595   4.01181e+02                                                          
    1605   4.22806e+02                                                          
    1615   4.60592e+02                                                          
    1625   4.91634e+02                                                          
    1635   5.82354e+02                                                          
    1645   7.65804e+02                                                          
    1655   4.90171e+02                                                          
    1665   8.59379e+02                                                          
    1672   6.03578e+02                                                          
    1677   2.05669e+03                                                          
    1685   2.24614e+03                                                          
    1695   2.56970e+03                                                          
    1705   2.89395e+03                                                          
    1715   4.08486e+03                                                          
    1725   4.75054e+03                                                          
    1735   6.48340e+03                                                          
    1745   7.63800e+03                                                          
    1755   1.17409e+04                                                          
    1765   9.26701e+03                                                          
    1775   1.17320e+04                                                          
    1785   1.44383e+04                                                          
    1795   2.28239e+04                                                          
    1805   1.85237e+04                                                          
    1815   1.63639e+04                                                          
    1825   2.00728e+04                                                          
    1835   1.98956e+04                                                          
    1845   1.35089e+04                                                          
    1855   2.41021e+04                                                          
    1865   3.20428e+04                                                          
    1875   3.20560e+04                                                          
    1885   3.39243e+04                                                          
    1895   4.50245e+04                                                          
    1905   4.18236e+04                                                          
    1915   4.53871e+04                                                          
    1925   3.58946e+04                                                          
    1935   1.79365e+04                                                          
    1945   5.45376e+04                                                          
    1955   5.68614e+04                                                          
    1967   7.37431e+04                                                          
    1976   6.12426e+04                                                          
    1984   8.49052e+04                                                          
    1995   9.07085e+04                                                          
    2005   8.25394e+04                                                          
    2015   8.69675e+04                                                          
    2025   6.73217e+04                                                          
    2035   1.01378e+05                                                          
    2045   1.17445e+05                                                          
    2055   1.09546e+05                                                          
    2065   1.03454e+05                                                          
    2074   1.19865e+05                                                          
    2078   2.95788e+05                                                          
    2085   3.91096e+05                                                          
    2095   3.54940e+05                                                          
    2105   3.27760e+05                                                          
    2115   3.70804e+05                                                          
    2125   3.15326e+05                                                          
    2135   2.88965e+05                                                          
    2145   3.92797e+05                                                          
    2155   4.02045e+05                                                          
    2165   3.35250e+05                                                          
    2175   3.49082e+05                                                          
    2185   4.44657e+05                                                          
    2195   4.40664e+05                                                          
    2205   4.20423e+05                                                          
    2215   3.01294e+05                                                          
    2225   3.54861e+05                                                          
    2235   4.93378e+05                                                          
    2245   4.64129e+05                                                          
    2255   3.30035e+05                                                          
    2265   3.12308e+05                                                          
    2275   3.65616e+05                                                          
    2285   4.96482e+05                                                          
    2295   4.06582e+05                                                          
    2305   5.11671e+05                                                          
    2315   4.12162e+05                                                          
    2325   3.02187e+05                                                          
    2335   2.38900e+05                                                          
    2345   1.38027e+05                                                          
    2355   3.45436e+05                                                          
    2365   1.59222e+05                                                          
    2375   2.35513e+05                                                          
    2385   1.09156e+05                                                          
    2395   1.53305e+05                                                          
    2405   1.50621e+05                                                          
    2415   2.11635e+05                                                          
    2425   4.29106e+05                                                          
    2435   4.38776e+05                                                          
    2445   5.32242e+05                                                          
    2455   5.70892e+05                                                          
    2465   4.84604e+05                                                          
    2475   4.25334e+05                                                          
    2485   2.55827e+05                                                          
    2495   3.21839e+05                                                          
    2505   5.45157e+05                                                          
    2513   1.72873e+05                                                          
    2518   1.24558e+05                                                          
    2525   1.51393e+05                                                          
    2535   2.84294e+05                                                          
    2545   3.17352e+05                                                          
    2555   5.84391e+05                                                          
    2565   4.16041e+05                                                          
    2575   5.30949e+05                                                          
    2585   4.53631e+05                                                          
    2595   3.87797e+05                                                          
    2605   3.17957e+05                                                          
    2615   2.78844e+05                                                          
    2625   4.21151e+05                                                          
    2635   7.61119e+05                                                          
    2645   1.09711e+06                                                          
    2655   1.40319e+06                                                          
    2665   9.09750e+05                                                          
    2675   1.06649e+06                                                          
    2685   1.17824e+06                                                          
    2695   9.13483e+05                                                          
    2705   1.10290e+06                                                          
    2715   8.07198e+05                                                          
    2725   7.22090e+05                                                          
    2735   8.74246e+05                                                          
    2745   4.03292e+05                                                          
    2755   5.74288e+05                                                          
    2765   7.69313e+05                                                          
    2775   8.52743e+05                                                          
    2785   4.64843e+05                                                          
    2795   1.67441e+05                                                          
    2805   2.13832e+05                                                          
    2815   7.36279e+05                                                          
    2825   1.18779e+06                                                          
    2835   1.18972e+06                                                          
    2845   9.91260e+05                                                          
    2855   5.64230e+05                                                          
    2865   1.32424e+06                                                          
    2875   1.53697e+06                                                          
    2885   1.34403e+06                                                          
    2895   1.47632e+06                                                          
    2910   1.88951e+06                                                          
    2930   1.67942e+06                                                          
    2950   1.62696e+06                                                          
    2970   1.78171e+06                                                          
    2990   1.80061e+06                                                          
    3010   1.93109e+06                                                          
    3030   1.92371e+06                                                          
    3050   2.01149e+06                                                          
    3070   2.01310e+06                                                          
    3090   2.04892e+06                                                          
    3110   2.09468e+06                                                          
    3130   2.05551e+06                                                          
    3150   1.97523e+06                                                          
    3170   2.08141e+06                                                          
    3190   1.86767e+06                                                          
    3210   2.11005e+06                                                          
    3230   1.78665e+06                                                          
    3250   2.23054e+06                                                          
    3270   2.49571e+06                                                          
    3290   2.40641e+06                                                          
    3310   2.43269e+06                                                          
    3330   2.43654e+06                                                          
    3350   2.41138e+06                                                          
    3370   2.07219e+06                                                          
    3390   2.27926e+06                                                          
    3410   2.30148e+06                                                          
    3430   2.32772e+06                                                          
    3450   2.45627e+06                                                          
    3470   2.47594e+06                                                          
    3490   2.58558e+06                                                          
    3510   2.67095e+06                                                          
    3530   2.53626e+06                                                          
    3550   2.85746e+06                                                          
    3570   2.39591e+06                                                          
    3590   2.31467e+06                                                          
    3610   2.51334e+06                                                          
    3630   2.52040e+06                                                          
    3640   2.54214e+06                                                          
    3650   2.83453e+06                                                          
    3670   2.77078e+06                                                          
    3690   2.62528e+06                                                          
    3710   2.90669e+06                                                          
    3730   2.61099e+06                                                          
    3750   2.87076e+06                                                          
    3770   3.17508e+06                                                          
    3790   3.35797e+06                                                          
    3810   3.55742e+06                                                          
    3830   2.58409e+06                                                          
    3850   3.41819e+06                                                          
    3870   3.43692e+06                                                          
    3890   3.21369e+06                                                          
    3910   3.62455e+06                                                          
    3930   1.96643e+06                                                          
    3950   3.11773e+06                                                          
    3970   2.18030e+06                                                          
    3990   3.97524e+06                                                          
    4010   4.20207e+06                                                          
    4030   4.26391e+06                                                          
    4050   4.17021e+06                                                          
    4070   4.10739e+06                                                          
    4090   4.30567e+06                                                          
    4110   4.01654e+06                                                          
    4130   4.35330e+06                                                          
    4150   4.47569e+06                                                          
    4170   4.42935e+06                                                          
    4190   4.35048e+06                                                          
    4210   4.33300e+06                                                          
    4230   4.19011e+06                                                          
    4250   4.26025e+06                                                          
    4270   4.10159e+06                                                          
    4290   3.85767e+06                                                          
    4310   3.37781e+06                                                          
    4330   4.14502e+06                                                          
    4350   3.89229e+06                                                          
    4370   4.46528e+06                                                          
    4390   4.20921e+06                                                          
    4410   4.34746e+06                                                          
    4430   4.41908e+06                                                          
    4450   4.38314e+06                                                          
    4470   4.52075e+06                                                          
    4490   4.50466e+06                                                          
    4510   4.83539e+06                                                          
    4530   4.46508e+06                                                          
    4550   4.54216e+06                                                          
    4570   4.78310e+06                                                          
    4590   4.52868e+06                                                          
    4610   4.63043e+06                                                          
    4630   4.54100e+06                                                          
    4650   4.59514e+06                                                          
    4670   4.67628e+06                                                          
    4690   4.57635e+06                                                          
    4710   4.42114e+06                                                          
    4730   4.61366e+06                                                          
    4750   4.65137e+06                                                          
    4770   4.63142e+06                                                          
    4790   4.60594e+06                                                          
    4810   4.55741e+06                                                          
    4830   4.59207e+06                                                          
    4850   4.24324e+06                                                          
    4870   3.72747e+06                                                          
    4890   4.36748e+06                                                          
    4910   4.36754e+06                                                          
    4930   4.30356e+06                                                          
    4950   4.43457e+06                                                          
    4970   4.46458e+06                                                          
    4990   4.19602e+06                                                          
    5010   4.05882e+06                                                          
    5030   4.24505e+06                                                          
    5050   4.24239e+06                                                          
    5070   4.37180e+06                                                          
    5090   4.24610e+06                                                          
    5110   4.29044e+06                                                          
    5130   4.18775e+06                                                          
    5150   4.07810e+06                                                          
    5170   3.93051e+06                                                          
    5190   3.91260e+06                                                          
    5210   4.05589e+06                                                          
    5230   4.09038e+06                                                          
    5250   4.15882e+06                                                          
    5270   3.81212e+06                                                          
    5290   4.11138e+06                                                          
    5310   4.17267e+06                                                          
    5330   3.90300e+06                                                          
    5350   4.09257e+06                                                          
    5370   4.06922e+06                                                          
    5390   4.02838e+06                                                          
    5410   3.91991e+06                                                          
    5430   4.00146e+06                                                          
    5450   4.05947e+06                                                          
    5470   3.98660e+06                                                          
    5490   3.99894e+06                                                          
    5510   3.97115e+06                                                          
    5530   3.96640e+06                                                          
    5550   3.98341e+06                                                          
    5570   3.89572e+06                                                          
    5590   3.85408e+06                                                          
    5610   3.90628e+06                                                          
    5630   3.91149e+06                                                          
    5650   3.89324e+06                                                          
    5670   3.81286e+06                                                          
    5690   3.85203e+06                                                          
    5710   3.79493e+06                                                          
    5730   3.93942e+06                                                          
    5750   3.83662e+06                                                          
    5770   3.85221e+06                                                          
    5790   3.78844e+06                                                          
    5810   3.81711e+06                                                          
    5830   3.83754e+06                                                          
    5850   3.76754e+06                                                          
    5870   3.76523e+06                                                          
    5890   3.63048e+06                                                          
    5910   3.71993e+06                                                          
    5930   3.70204e+06                                                          
    5950   3.69887e+06                                                          
    5970   3.68759e+06                                                          
    5990   3.65231e+06                                                          
    6010   3.60082e+06                                                          
    6030   3.59742e+06                                                          
    6050   3.63658e+06                                                          
    6070   3.61135e+06                                                          
    6090   3.54628e+06                                                          
    6110   3.51315e+06                                                          
    6130   3.41080e+06                                                          
    6150   3.42194e+06                                                          
    6170   3.36609e+06                                                          
    6190   3.46706e+06                                                          
    6210   3.45844e+06                                                          
    6230   3.39055e+06                                                          
    6250   3.28753e+06                                                          
    6270   3.40477e+06                                                          
    6290   3.39618e+06                                                          
    6310   3.31174e+06                                                          
    6330   3.32227e+06                                                          
    6350   3.31387e+06                                                          
    6370   3.29309e+06                                                          
    6390   3.30041e+06                                                          
    6410   3.22235e+06                                                          
    6430   3.23830e+06                                                          
    6450   3.21191e+06                                                          
    6470   3.19524e+06                                                          
    6490   3.14853e+06                                                          
    6510   3.18071e+06                                                          
    6530   3.15647e+06                                                          
    6550   2.97818e+06                                                          
    6570   2.53150e+06                                                          
    6590   3.05701e+06                                                          
    6610   3.11758e+06                                                          
    6630   3.10317e+06                                                          
    6650   3.08941e+06                                                          
    6670   3.05555e+06                                                          
    6690   3.07883e+06                                                          
    6710   3.03041e+06                                                          
    6730   3.03970e+06                                                          
    6750   3.00671e+06                                                          
    6770   3.00336e+06                                                          
    6790   2.98101e+06                                                          
    6810   2.96146e+06                                                          
    6830   2.95699e+06                                                          
    6850   2.90730e+06                                                          
    6870   2.92114e+06                                                          
    6890   2.91481e+06                                                          
    6910   2.88942e+06                                                          
    6930   2.87851e+06                                                          
    6950   2.86396e+06                                                          
    6970   2.84977e+06                                                          
    6990   2.83913e+06                                                          
    7010   2.76853e+06                                                          
    7030   2.79065e+06                                                          
    7050   2.78908e+06                                                          
    7070   2.76684e+06                                                          
    7090   2.74863e+06                                                          
    7110   2.72726e+06                                                          
    7130   2.70608e+06                                                          
    7150   2.69120e+06                                                          
    7170   2.67387e+06                                                          
    7190   2.62538e+06                                                          
    7210   2.64729e+06                                                          
    7230   2.63358e+06                                                          
    7250   2.63641e+06                                                          
    7270   2.62487e+06                                                          
    7290   2.56694e+06                                                          
    7310   2.58276e+06                                                          
    7330   2.57404e+06                                                          
    7350   2.57159e+06                                                          
    7370   2.56450e+06                                                          
    7390   2.50936e+06                                                          
    7410   2.46110e+06                                                          
    7430   2.48871e+06                                                          
    7450   2.48660e+06                                                          
    7470   2.48727e+06                                                          
    7490   2.46481e+06                                                          
    7510   2.45787e+06                                                          
    7530   2.45181e+06                                                          
    7550   2.45146e+06                                                          
    7570   2.42618e+06                                                          
    7590   2.41382e+06                                                          
    7610   2.39763e+06                                                          
    7630   2.39455e+06                                                          
    7650   2.38041e+06                                                          
    7670   2.32888e+06                                                          
    7690   2.35368e+06                                                          
    7710   2.32273e+06                                                          
    7730   2.32578e+06                                                          
    7750   2.29562e+06                                                          
    7770   2.28918e+06                                                          
    7790   2.30372e+06                                                          
    7810   2.28604e+06                                                          
    7830   2.26088e+06                                                          
    7850   2.24431e+06                                                          
    7870   2.25557e+06                                                          
    7890   2.24377e+06                                                          
    7910   2.21921e+06                                                          
    7930   2.18381e+06                                                          
    7950   2.18176e+06                                                          
    7970   2.19801e+06                                                          
    7990   2.18946e+06                                                          
    8010   2.16078e+06                                                          
    8030   2.15245e+06                                                          
    8050   2.13548e+06                                                          
    8070   2.14037e+06                                                          
    8090   2.10891e+06                                                          
    8110   2.11949e+06                                                          
    8130   2.11506e+06                                                          
    8150   2.09964e+06                                                          
    8170   2.08848e+06                                                          
    8190   2.03395e+06                                                          
    8210   2.03508e+06                                                          
    8230   2.02467e+06                                                          
    8250   2.02474e+06                                                          
    8270   2.03740e+06                                                          
    8290   2.02391e+06                                                          
    8310   1.99213e+06                                                          
    8330   1.96720e+06                                                          
    8350   1.97722e+06                                                          
    8370   1.97463e+06                                                          
    8390   1.94427e+06                                                          
    8410   1.95301e+06                                                          
    8430   1.92350e+06                                                          
    8450   1.91424e+06                                                          
    8470   1.89719e+06                                                          
    8490   1.90356e+06                                                          
    8510   1.81730e+06                                                          
    8530   1.89844e+06                                                          
    8550   1.76392e+06                                                          
    8570   1.89725e+06                                                          
    8590   1.83951e+06                                                          
    8610   1.82337e+06                                                          
    8630   1.86372e+06                                                          
    8650   1.84790e+06                                                          
    8670   1.68001e+06                                                          
    8690   1.79678e+06                                                          
    8710   1.81747e+06                                                          
    8730   1.80474e+06                                                          
    8750   1.71286e+06                                                          
    8770   1.78972e+06                                                          
    8790   1.78578e+06                                                          
    8810   1.75821e+06                                                          
    8830   1.75964e+06                                                          
    8850   1.73531e+06                                                          
    8870   1.64732e+06                                                          
    8890   1.74355e+06                                                          
    8910   1.74298e+06                                                          
    8930   1.71504e+06                                                          
    8950   1.71756e+06                                                          
    8970   1.71289e+06                                                          
    8990   1.70409e+06                                                          
    9010   1.57939e+06                                                          
    9030   1.65447e+06                                                          
    9050   1.69109e+06                                                          
    9070   1.65200e+06                                                          
    9090   1.61165e+06                                                          
    9110   1.63507e+06                                                          
    9130   1.65424e+06                                                          
    9150   1.64731e+06                                                          
    9170   1.63728e+06                                                          
    9190   1.63598e+06                                                          
    9210   1.59113e+06                                                          
    9230   1.48304e+06                                                          
    9250   1.56297e+06                                                          
    9270   1.58023e+06                                                          
    9290   1.59192e+06                                                          
    9310   1.58882e+06                                                          
    9330   1.57568e+06                                                          
    9350   1.56867e+06                                                          
    9370   1.56143e+06                                                          
    9390   1.55506e+06                                                          
    9410   1.49361e+06                                                          
    9430   1.53178e+06                                                          
    9450   1.51577e+06                                                          
    9470   1.52689e+06                                                          
    9490   1.52419e+06                                                          
    9510   1.50745e+06                                                          
    9530   1.48700e+06                                                          
    9550   1.37506e+06                                                          
    9570   1.47080e+06                                                          
    9590   1.48318e+06                                                          
    9610   1.46494e+06                                                          
    9630   1.44710e+06                                                          
    9650   1.44857e+06                                                          
    9670   1.43566e+06                                                          
    9690   1.44175e+06                                                          
    9710   1.44014e+06                                                          
    9730   1.43460e+06                                                          
    9750   1.41459e+06                                                          
    9770   1.41522e+06                                                          
    9790   1.40819e+06                                                          
    9810   1.40544e+06                                                          
    9830   1.39899e+06                                                          
    9850   1.39071e+06                                                          
    9870   1.37893e+06                                                          
    9890   1.37054e+06                                                          
    9910   1.36477e+06                                                          
    9930   1.36694e+06                                                          
    9950   1.36193e+06                                                          
    9970   1.35635e+06                                                          
    9990   1.34864e+06                                                          
   10025   1.31884e+06                                                          
   10075   1.28003e+06                                                          
   10125   1.30075e+06                                                          
   10175   1.28244e+06                                                          
   10225   1.27383e+06                                                          
   10275   1.26510e+06                                                          
   10325   1.24106e+06                                                          
   10375   1.22891e+06                                                          
   10425   1.21902e+06                                                          
   10475   1.19430e+06                                                          
   10525   1.18828e+06                                                          
   10575   1.17439e+06                                                          
   10625   1.15784e+06                                                          
   10675   1.12566e+06                                                          
   10725   1.12613e+06                                                          
   10775   1.11251e+06                                                          
   10825   1.09437e+06                                                          
   10875   1.08413e+06                                                          
   10925   1.03464e+06                                                          
   10975   1.05162e+06                                                          
   11025   1.06085e+06                                                          
   11075   1.05295e+06                                                          
   11125   1.03750e+06                                                          
   11175   1.02421e+06                                                          
   11225   1.01815e+06                                                          
   11275   9.92441e+05                                                          
   11325   9.84725e+05                                                          
   11375   9.79053e+05                                                          
   11425   9.60948e+05                                                          
   11475   9.65524e+05                                                          
   11525   9.54998e+05                                                          
   11575   9.40769e+05                                                          
   11625   9.21069e+05                                                          
   11675   9.11437e+05                                                          
   11725   9.15892e+05                                                          
   11775   8.89795e+05                                                          
   11825   8.84859e+05                                                          
   11875   8.70960e+05                                                          
   11925   8.79778e+05                                                          
   11975   8.51708e+05                                                          
   12025   8.54343e+05                                                          
   12075   8.42018e+05                                                          
   12125   8.37617e+05                                                          
   12175   8.34715e+05                                                          
   12225   8.25334e+05                                                          
   12275   8.14008e+05                                                          
   12325   8.07259e+05                                                          
   12375   7.99261e+05                                                          
   12425   7.91210e+05                                                          
   12475   7.84726e+05                                                          
   12525   7.74575e+05                                                          
   12575   7.64787e+05                                                          
   12625   7.58441e+05                                                          
   12675   7.50155e+05                                                          
   12725   7.45975e+05                                                          
   12775   7.34709e+05                                                          
   12825   6.76834e+05                                                          
   12875   7.18863e+05                                                          
   12925   7.14238e+05                                                          
   12975   7.10382e+05                                                          
   13025   7.00535e+05                                                          
   13075   6.97032e+05                                                          
   13125   6.85661e+05                                                          
   13175   6.77496e+05                                                          
   13225   6.76517e+05                                                          
   13275   6.65878e+05                                                          
   13325   6.61957e+05                                                          
   13375   6.54544e+05                                                          
   13425   6.51121e+05                                                          
   13475   6.44396e+05                                                          
   13525   6.37497e+05                                                          
   13575   6.27102e+05                                                          
   13625   6.24394e+05                                                          
   13675   6.17746e+05                                                          
   13725   6.08689e+05                                                          
   13775   6.05486e+05                                                          
   13825   6.00995e+05                                                          
   13875   5.97462e+05                                                          
   13925   5.90378e+05                                                          
   13975   5.85479e+05                                                          
   14025   5.77465e+05                                                          
   14075   5.75059e+05                                                          
   14125   5.65934e+05                                                          
   14175   5.65010e+05                                                          
   14225   5.53744e+05                                                          
   14275   5.46623e+05                                                          
   14325   5.47664e+05                                                          
   14375   5.45387e+05                                                          
   14425   5.24583e+05                                                          
   14475   5.33803e+05                                                          
   14525   5.20420e+05                                                          
   14570   5.22481e+05                                                          
   14620   5.17017e+05                                                          
   14675   5.13400e+05                                                          
   14725   5.04300e+05                                                          
   14775   4.99365e+05                                                          
   14825   4.97225e+05                                                          
   14875   4.87249e+05                                                          
   14925   4.92199e+05                                                          
   14975   4.83645e+05                                                          
   15025   4.74206e+05                                                          
   15075   4.68965e+05                                                          
   15125   4.71337e+05                                                          
   15175   4.67888e+05                                                          
   15225   4.59998e+05                                                          
   15275   4.58425e+05                                                          
   15325   4.52482e+05                                                          
   15375   4.49377e+05                                                          
   15425   4.43374e+05                                                          
   15475   4.41124e+05                                                          
   15525   4.35267e+05                                                          
   15575   4.27702e+05                                                          
   15625   4.32779e+05                                                          
   15675   4.20042e+05                                                          
   15725   4.16783e+05                                                          
   15775   4.11533e+05                                                          
   15825   4.12227e+05                                                          
   15875   3.92028e+05                                                          
   15925   4.02588e+05                                                          
   15975   4.05306e+05                                                          
   16050   3.95992e+05                                                          
   16150   3.82253e+05                                                          
   16250   3.86105e+05                                                          
   16350   3.73201e+05                                                          
   16450   3.58684e+05                                                          
   16550   3.64283e+05                                                          
   16650   3.57758e+05                                                          
   16750   3.43963e+05                                                          
   16850   3.28489e+05                                                          
   16950   3.37255e+05                                                          
   17050   3.27597e+05                                                          
   17150   3.22748e+05                                                          
   17250   3.12807e+05                                                          
   17350   2.91675e+05                                                          
   17450   2.99026e+05                                                          
   17550   2.96294e+05                                                          
   17650   2.90405e+05                                                          
   17750   2.85003e+05                                                          
   17850   2.80016e+05                                                          
   17950   2.75159e+05                                                          
   18050   2.68254e+05                                                          
   18150   2.50953e+05                                                          
   18250   2.55062e+05                                                          
   18350   2.53483e+05                                                          
   18450   2.47561e+05                                                          
   18550   2.43718e+05                                                          
   18650   2.37202e+05                                                          
   18750   2.19390e+05                                                          
   18850   2.28607e+05                                                          
   18950   2.21967e+05                                                          
   19050   2.22213e+05                                                          
   19150   2.17603e+05                                                          
   19250   2.13620e+05                                                          
   19350   2.07975e+05                                                          
   19450   1.93723e+05                                                          
   19550   2.01200e+05                                                          
   19650   1.98046e+05                                                          
   19750   1.94127e+05                                                          
   19850   1.91397e+05                                                          
   19950   1.88012e+05                                                          
   20050   1.85229e+05                                                          
   20150   1.82479e+05                                                          
   20250   1.78105e+05                                                          
   20350   1.74179e+05                                                          
   20450   1.72892e+05                                                          
   20550   1.69629e+05                                                          
   20650   1.65825e+05                                                          
   20750   1.63375e+05                                                          
   20850   1.60692e+05                                                          
   20950   1.57260e+05                                                          
   21050   1.55271e+05                                                          
   21150   1.52340e+05                                                          
   21250   1.49715e+05                                                          
   21350   1.47495e+05                                                          
   21450   1.45250e+05                                                          
   21550   1.42399e+05                                                          
   21650   1.32440e+05                                                          
   21750   1.36789e+05                                                          
   21850   1.35130e+05                                                          
   21950   1.33668e+05                                                          
   22050   1.30606e+05                                                          
   22150   1.28916e+05                                                          
   22250   1.26975e+05                                                          
   22350   1.24927e+05                                                          
   22450   1.22867e+05                                                          
   22550   1.20487e+05                                                          
   22650   1.18743e+05                                                          
   22750   1.17027e+05                                                          
   22850   1.14907e+05                                                          
   22950   1.13457e+05                                                          
   23050   1.12033e+05                                                          
   23150   1.09975e+05                                                          
   23250   1.08250e+05                                                          
   23350   1.06346e+05                                                          
   23450   1.04985e+05                                                          
   23550   1.02945e+05                                                          
   23650   1.01618e+05                                                          
   23750   9.97667e+04                                                          
   23850   9.78967e+04                                                          
   23950   9.67820e+04                                                          
   24050   9.51682e+04                                                          
   24150   9.35633e+04                                                          
   24250   9.22427e+04                                                          
   24350   9.06412e+04                                                          
   24450   8.94279e+04                                                          
   24550   8.76801e+04                                                          
   24650   8.68774e+04                                                          
   24750   8.53565e+04                                                          
   24850   8.38029e+04                                                          
   24950   8.26605e+04                                                          
   25050   8.21892e+04                                                          
   25150   8.07027e+04                                                          
   25250   7.92259e+04                                                          
   25350   7.83165e+04                                                          
   25450   7.72672e+04                                                          
   25550   7.58682e+04                                                          
   25650   7.42060e+04                                                          
   25750   7.40594e+04                                                          
   25850   7.25023e+04                                                          
   25950   7.19535e+04                                                          
   26050   7.07395e+04                                                          
   26150   6.89877e+04                                                          
   26250   6.53358e+04                                                          
   26350   6.76284e+04                                                          
   26450   6.67734e+04                                                          
   26550   6.59839e+04                                                          
   26650   6.45796e+04                                                          
   26750   6.32748e+04                                                          
   26850   6.33799e+04                                                          
   26950   6.26710e+04                                                          
   27050   6.18037e+04                                                          
   27150   6.09246e+04                                                          
   27250   6.00940e+04                                                          
   27350   5.93443e+04                                                          
   27450   5.85228e+04                                                          
   27550   5.65615e+04                                                          
   27650   5.64119e+04                                                          
   27750   5.61104e+04                                                          
   27850   5.54113e+04                                                          
   27950   5.47576e+04                                                          
   28050   5.40006e+04                                                          
   28150   5.33165e+04                                                          
   28250   5.25805e+04                                                          
   28350   5.19462e+04                                                          
   28450   5.11194e+04                                                          
   28550   5.05295e+04                                                          
   28650   4.95784e+04                                                          
   28750   4.78602e+04                                                          
   28850   4.84683e+04                                                          
   28950   4.79595e+04                                                          
   29050   4.73542e+04                                                          
   29150   4.66982e+04                                                          
   29250   4.60627e+04                                                          
   29350   4.55628e+04                                                          
   29450   4.49041e+04                                                          
   29550   4.44043e+04                                                          
   29650   4.38598e+04                                                          
   29750   4.32917e+04                                                          
   29850   4.27586e+04                                                          
   29950   4.21620e+04                                                          
   30050   4.16415e+04                                                          
   30150   4.11573e+04                                                          
   30250   4.05908e+04                                                          
   30350   3.90297e+04                                                          
   30450   3.91514e+04                                                          
   30550   3.91075e+04                                                          
   30650   3.86064e+04                                                          
   30750   3.82187e+04                                                          
   30850   3.76589e+04                                                          
   30950   3.72294e+04                                                          
   31050   3.68183e+04                                                          
   31150   3.61498e+04                                                          
   31250   3.58918e+04                                                          
   31350   3.54935e+04                                                          
   31450   3.50572e+04                                                          
   31550   3.45655e+04                                                          
   31650   3.42289e+04                                                          
   31750   3.38031e+04                                                          
   31850   3.34280e+04                                                          
   31950   3.30617e+04                                                          
   32100   3.24276e+04                                                          
   32300   3.17100e+04                                                          
   32500   3.09531e+04                                                          
   32700   3.02223e+04                                                          
   32900   2.88800e+04                                                          
   33100   2.87597e+04                                                          
   33300   2.81611e+04                                                          
   33500   2.75855e+04                                                          
   33700   2.69137e+04                                                          
   33900   2.62934e+04                                                          
   34100   2.56827e+04                                                          
   34300   2.51986e+04                                                          
   34500   2.46846e+04                                                          
   34700   2.41220e+04                                                          
   34900   2.36081e+04                                                          
   35100   2.31052e+04                                                          
   35300   2.25805e+04                                                          
   35500   2.21174e+04                                                          
   35700   2.16106e+04                                                          
   35900   2.11649e+04                                                          
   36100   2.07415e+04                                                          
   36300   2.03170e+04                                                          
   36500   1.98267e+04                                                          
   36700   1.94269e+04                                                          
   36900   1.89130e+04                                                          
   37100   1.85511e+04                                                          
   37300   1.80890e+04                                                          
   37500   1.74974e+04                                                          
   37700   1.74996e+04                                                          
   37900   1.71459e+04                                                          
   38100   1.67978e+04                                                          
   38300   1.64978e+04                                                          
   38500   1.62039e+04                                                          
   38700   1.58503e+04                                                          
   38900   1.55379e+04                                                          
   39100   1.52052e+04                                                          
   39300   1.49686e+04                                                          
   39500   1.46467e+04                                                          
   39700   1.43854e+04                                                          
   39900   1.40442e+04                                                          
   40100   1.37747e+04                                                          
   40300   1.35379e+04                                                          
   40500   1.30602e+04                                                          
   40700   1.30545e+04                                                          
   40900   1.28160e+04                                                          
   41100   1.25972e+04                                                          
   41300   1.23721e+04                                                          
   41500   1.21188e+04                                                          
   41700   1.18311e+04                                                          
   41900   1.16761e+04                                                          
   42100   1.14328e+04                                                          
   42300   1.12861e+04                                                          
   42500   1.10593e+04                                                          
   42700   1.08770e+04                                                          
   42900   1.06422e+04                                                          
   43100   1.04126e+04                                                          
   43300   1.02290e+04                                                          
   43500   9.99071e+03                                                          
   43700   9.71925e+03                                                          
   43900   9.62467e+03                                                          
   44100   9.40562e+03                                                          
   44300   9.26894e+03                                                          
   44500   9.11375e+03                                                          
   44700   8.91715e+03                                                          
   44900   8.79446e+03                                                          
   45100   8.63764e+03                                                          
   45300   8.46395e+03                                                          
   45500   8.34510e+03                                                          
   45700   8.21365e+03                                                          
   45900   8.04490e+03                                                          
   46100   7.94195e+03                                                          
   46300   7.80580e+03                                                          
   46500   7.55745e+03                                                          
   46700   7.48241e+03                                                          
   46900   7.44653e+03                                                          
   47100   7.33315e+03                                                          
   47300   7.22946e+03                                                          
   47500   7.10653e+03                                                          
   47700   6.99330e+03                                                          
   47900   6.88955e+03                                                          
   48100   6.76759e+03                                                          
   48300   6.67465e+03                                                          
   48500   6.56160e+03                                                          
   48700   6.46130e+03                                                          
   48900   6.36041e+03                                                          
   49100   6.26244e+03                                                          
   49300   6.16042e+03                                                          
   49500   6.06522e+03                                                          
   49700   5.96893e+03                                                          
   49900   5.88410e+03                                                          
   50100   5.79565e+03                                                          
   50300   5.70841e+03                                                          
   50500   5.60686e+03                                                          
   50700   5.52913e+03                                                          
   50900   5.45151e+03                                                          
   51100   5.35565e+03                                                          
   51300   5.21965e+03                                                          
   51500   5.20179e+03                                                          
   51700   5.13695e+03                                                          
   51900   5.05247e+03                                                          
   52100   4.97355e+03                                                          
   52300   4.90139e+03                                                          
   52500   4.83627e+03                                                          
   52700   4.76898e+03                                                          
   52900   4.69099e+03                                                          
   53100   4.62978e+03                                                          
   53300   4.55964e+03                                                          
   53500   4.49754e+03                                                          
   53700   4.43000e+03                                                          
   53900   4.37036e+03                                                          
   54100   4.30984e+03                                                          
   54300   4.23951e+03                                                          
   54500   4.18907e+03                                                          
   54700   4.12363e+03                                                          
   54900   4.06897e+03                                                          
   55100   4.01697e+03                                                          
   55300   3.96248e+03                                                          
   55500   3.90322e+03                                                          
   55700   3.85498e+03                                                          
   55900   3.79126e+03                                                          
   56100   3.74633e+03                                                          
   56300   3.69358e+03                                                          
   56500   3.64877e+03                                                          
   56700   3.59954e+03                                                          
   56900   3.54653e+03                                                          
   57100   3.50261e+03                                                          
   57300   3.45555e+03                                                          
   57500   3.40853e+03                                                          
   57700   3.36246e+03                                                          
   57900   3.31735e+03                                                          
   58100   3.27366e+03                                                          
   58300   3.23155e+03                                                          
   58500   3.18987e+03                                                          
   58700   3.14436e+03                                                          
   58900   3.09615e+03                                                          
   59100   3.02432e+03                                                          
   59300   3.02434e+03                                                          
   59500   2.97881e+03                                                          
   59700   2.94715e+03                                                          
   59900   2.90905e+03                                                          
   60100   2.86987e+03                                                          
   60300   2.83546e+03                                                          
   60500   2.79912e+03                                                          
   60700   2.76189e+03                                                          
   60900   2.72548e+03                                                          
   61100   2.68743e+03                                                          
   61300   2.65830e+03                                                          
   61500   2.62614e+03                                                          
   61700   2.59283e+03                                                          
   61900   2.56064e+03                                                          
   62100   2.52869e+03                                                          
   62300   2.49156e+03                                                          
   62500   2.46407e+03                                                          
   62700   2.43352e+03                                                          
   62900   2.40518e+03                                                          
   63100   2.37201e+03                                                          
   63300   2.34681e+03                                                          
   63500   2.31745e+03                                                          
   63700   2.28891e+03                                                          
   63900   2.26068e+03                                                          
   64200   2.22055e+03                                                          
   64600   2.16604e+03                                                          
   65000   2.11372e+03                                                          
   65400   2.06518e+03                                                          
   65800   2.01671e+03                                                          
   66200   1.96880e+03                                                          
   66600   1.92370e+03                                                          
   67000   1.87855e+03                                                          
   67400   1.83457e+03                                                          
   67800   1.79337e+03                                                          
   68200   1.75226e+03                                                          
   68600   1.71267e+03                                                          
   69000   1.67385e+03                                                          
   69400   1.63586e+03                                                          
   69800   1.60018e+03                                                          
   70200   1.56358e+03                                                          
   70600   1.52996e+03                                                          
   71000   1.49667e+03                                                          
   71400   1.46397e+03                                                          
   71800   1.43212e+03                                                          
   72200   1.40075e+03                                                          
   72600   1.37079e+03                                                          
   73000   1.34215e+03                                                          
   73400   1.31307e+03                                                          
   73800   1.28584e+03                                                          
   74200   1.25814e+03                                                          
   74600   1.22379e+03                                                          
   75000   1.19908e+03                                                          
   75400   1.18114e+03                                                          
   75800   1.15754e+03                                                          
   76200   1.13378e+03                                                          
   76600   1.11083e+03                                                          
   77000   1.08795e+03                                                          
   77400   1.06639e+03                                                          
   77800   1.04503e+03                                                          
   78200   1.02417e+03                                                          
   78600   1.00385e+03                                                          
   79000   9.83988e+02                                                          
   79400   9.64569e+02                                                          
   79800   9.45772e+02                                                          
   80200   9.27039e+02                                                          
   80600   9.09019e+02                                                          
   81000   8.91820e+02                                                          
   81400   8.74209e+02                                                          
   81800   8.57705e+02                                                          
   82200   8.41675e+02                                                          
   82600   8.25599e+02                                                          
   83000   8.10158e+02                                                          
   83400   7.94544e+02                                                          
   83800   7.79907e+02                                                          
   84200   7.65613e+02                                                          
   84600   7.51504e+02                                                          
   85000   7.37693e+02                                                          
   85400   7.24123e+02                                                          
   85800   7.10985e+02                                                          
   86200   6.97979e+02                                                          
   86600   6.85470e+02                                                          
   87000   6.73177e+02                                                          
   87400   6.61079e+02                                                          
   87800   6.49314e+02                                                          
   88200   6.37534e+02                                                          
   88600   6.26367e+02                                                          
   89000   6.15239e+02                                                          
   89400   6.04629e+02                                                          
   89800   5.93827e+02                                                          
   90200   5.83708e+02                                                          
   90600   5.73817e+02                                                          
   91000   5.63614e+02                                                          
   91400   5.54041e+02                                                          
   91800   5.44741e+02                                                          
   92200   5.35553e+02                                                          
   92600   5.26461e+02                                                          
   93000   5.17630e+02                                                          
   93400   5.08876e+02                                                          
   93800   5.00415e+02                                                          
   94200   4.92080e+02                                                          
   94600   4.83921e+02                                                          
   95000   4.75921e+02                                                          
   95400   4.68012e+02                                                          
   95800   4.60466e+02                                                          
   96200   4.52861e+02                                                          
   96600   4.45611e+02                                                          
   97000   4.38413e+02                                                          
   97400   4.31078e+02                                                          
   97800   4.24311e+02                                                          
   98200   4.17579e+02                                                          
   98600   4.10991e+02                                                          
   99000   4.04507e+02                                                          
   99400   3.98030e+02                                                          
   99800   3.91788e+02                                                          
  100200   3.85656e+02                                                          
  200000   2.48753e+01                                                          
  400000   1.55750e+00                                                          
  600000   3.05848e-01                                                          
  800000   9.61659e-02                                                          
 1000000   3.91613e-02                                                          
 1200000   1.87878e-02                                                          
 1400000   1.00944e-02                                                          
 1600000   5.89233e-03                                                          
