      91   1.00000e-21
      94   1.00000e-21                                                          
      96   1.00000e-21                                                          
      98   1.00000e-21                                                          
     100   1.00000e-21                                                          
     102   1.00000e-21                                                          
     104   1.00000e-21                                                          
     106   1.00000e-21                                                          
     108   1.00000e-21                                                          
     110   1.00000e-21                                                          
     114   1.00000e-21                                                          
     118   1.00000e-21                                                          
     121   1.00000e-21                                                          
     125   1.00000e-21                                                          
     127   1.00000e-21                                                          
     128   1.00000e-21                                                          
     130   1.00000e-21                                                          
     132   1.00000e-21                                                          
     134   1.00000e-21                                                          
     137   1.00000e-21                                                          
     140   1.00000e-21                                                          
     143   1.00000e-21                                                          
     147   1.00000e-21                                                          
     151   1.00000e-21                                                          
     155   1.00000e-21                                                          
     159   1.00000e-21                                                          
     162   1.00000e-21                                                          
     166   1.00000e-21                                                          
     170   1.00000e-21                                                          
     173   1.00000e-21                                                          
     177   1.00000e-21                                                          
     180   1.00000e-21                                                          
     182   1.00000e-21                                                          
     186   1.00000e-21                                                          
     191   1.00000e-21                                                          
     194   1.00000e-21                                                          
     198   1.00000e-21                                                          
     202   1.00000e-21                                                          
     205   1.00000e-21                                                          
     210   1.00000e-21                                                          
     216   1.00000e-21                                                          
     220   1.00000e-21                                                          
     223   1.00000e-21                                                          
     227   1.00000e-21                                                          
     230   1.00000e-21                                                          
     234   1.00000e-21                                                          
     240   1.00000e-21                                                          
     246   1.00000e-21                                                          
     252   1.00000e-21                                                          
     257   1.00000e-21                                                          
     260   1.00000e-21                                                          
     264   1.00000e-21                                                          
     268   1.00000e-21                                                          
     274   1.00000e-21                                                          
     278   1.00000e-21                                                          
     284   1.00000e-21                                                          
     290   1.00000e-21                                                          
     296   1.00000e-21                                                          
     301   1.00000e-21                                                          
     308   1.00000e-21                                                          
     318   1.00000e-21                                                          
     328   1.00000e-21                                                          
     338   1.00000e-21                                                          
     348   1.00000e-21                                                          
     357   1.00000e-21                                                          
     366   1.00000e-21                                                          
     375   1.00000e-21                                                          
     385   1.00000e-21                                                          
     395   1.00000e-21                                                          
     405   1.00000e-21                                                          
     414   1.00000e-21                                                          
     422   1.00000e-21                                                          
     430   1.00000e-21                                                          
     441   1.00000e-21                                                          
     451   1.00000e-21                                                          
     460   1.00000e-21                                                          
     470   1.00000e-21                                                          
     480   1.00000e-21                                                          
     490   1.00000e-21                                                          
     500   1.00000e-21                                                          
     506   1.00000e-21                                                          
     512   1.00000e-21                                                          
     520   1.00000e-21                                                          
     530   1.00000e-21                                                          
     540   1.00000e-21                                                          
     550   1.00000e-21                                                          
     560   1.00000e-21                                                          
     570   1.00000e-21                                                          
     580   1.00000e-21                                                          
     590   1.00000e-21                                                          
     600   1.00000e-21                                                          
     610   1.00000e-21                                                          
     620   1.00000e-21                                                          
     630   1.00000e-21                                                          
     640   1.00000e-21                                                          
     650   1.00000e-21                                                          
     658   1.00000e-21                                                          
     665   1.00000e-21                                                          
     675   1.00000e-21                                                          
     685   1.00000e-21                                                          
     695   1.00000e-21                                                          
     705   1.00000e-21                                                          
     716   1.00000e-21                                                          
     726   1.00000e-21                                                          
     735   1.00000e-21                                                          
     745   1.00000e-21                                                          
     755   1.00000e-21                                                          
     765   1.00000e-21                                                          
     775   1.00000e-21                                                          
     785   1.00000e-21                                                          
     795   1.00000e-21                                                          
     805   1.00000e-21                                                          
     815   1.00000e-21                                                          
     825   1.00000e-21                                                          
     835   1.00000e-21                                                          
     845   1.00000e-21                                                          
     855   1.00000e-21                                                          
     865   1.00000e-21                                                          
     875   1.00000e-21                                                          
     885   1.00000e-21                                                          
     895   1.00000e-21                                                          
     905   1.00000e-21                                                          
     915   1.00000e-21                                                          
     925   3.12327e-03                                                          
     935   4.23909e-03                                                          
     945   5.71530e-03                                                          
     955   8.00371e-03                                                          
     965   1.06908e-02                                                          
     975   1.40917e-02                                                          
     985   1.85791e-02                                                          
     995   2.41851e-02                                                          
    1005   3.22949e-02                                                          
    1015   4.18081e-02                                                          
    1025   5.18281e-02                                                          
    1035   6.88354e-02                                                          
    1045   8.77603e-02                                                          
    1055   1.11230e-01                                                          
    1065   1.39664e-01                                                          
    1075   1.75773e-01                                                          
    1085   2.19762e-01                                                          
    1095   2.72223e-01                                                          
    1105   1.09023e+00                                                          
    1115   2.09040e+00                                                          
    1125   2.94831e+00                                                          
    1135   3.88620e+00                                                          
    1145   4.94788e+00                                                          
    1155   5.38097e+00                                                          
    1165   7.23368e+00                                                          
    1175   8.64436e+00                                                          
    1185   8.79677e+00                                                          
    1195   5.79085e+00                                                          
    1205   6.04216e+00                                                          
    1215   2.59748e+00                                                          
    1225   7.77849e+00                                                          
    1235   1.66137e+01                                                          
    1245   4.18558e+01                                                          
    1255   6.66408e+01                                                          
    1265   6.77728e+01                                                          
    1275   1.01651e+02                                                          
    1285   1.40177e+02                                                          
    1295   1.69805e+02                                                          
    1305   1.55348e+02                                                          
    1315   2.30968e+02                                                          
    1325   2.69420e+02                                                          
    1335   3.06389e+02                                                          
    1345   3.73375e+02                                                          
    1355   3.97745e+02                                                          
    1365   4.50880e+02                                                          
    1375   4.85097e+02                                                          
    1385   5.15370e+02                                                          
    1395   5.93415e+02                                                          
    1405   6.73082e+02                                                          
    1415   7.23673e+02                                                          
    1425   7.99417e+02                                                          
    1435   8.52372e+02                                                          
    1442   1.03247e+03                                                          
    1447   1.04808e+03                                                          
    1455   1.17893e+03                                                          
    1465   1.24676e+03                                                          
    1475   1.37328e+03                                                          
    1485   1.52668e+03                                                          
    1495   1.81859e+03                                                          
    1505   2.06340e+03                                                          
    1512   1.99204e+03                                                          
    1517   2.11707e+03                                                          
    1525   3.36296e+03                                                          
    1535   4.17272e+03                                                          
    1545   4.74584e+03                                                          
    1555   5.48498e+03                                                          
    1565   5.19429e+03                                                          
    1575   7.73221e+03                                                          
    1585   8.96862e+03                                                          
    1595   1.07293e+04                                                          
    1605   1.04549e+04                                                          
    1615   1.07327e+04                                                          
    1625   1.02587e+04                                                          
    1635   1.27470e+04                                                          
    1645   1.61523e+04                                                          
    1655   1.06322e+04                                                          
    1665   1.78204e+04                                                          
    1672   1.17027e+04                                                          
    1677   1.50689e+05                                                          
    1685   1.53696e+05                                                          
    1695   1.14870e+05                                                          
    1705   1.41903e+05                                                          
    1715   2.49584e+05                                                          
    1725   2.92177e+05                                                          
    1735   3.76651e+05                                                          
    1745   3.37927e+05                                                          
    1755   4.68685e+05                                                          
    1765   3.24807e+05                                                          
    1775   4.46840e+05                                                          
    1785   4.46590e+05                                                          
    1795   6.81199e+05                                                          
    1805   5.60823e+05                                                          
    1815   6.23788e+05                                                          
    1825   5.84315e+05                                                          
    1835   5.32806e+05                                                          
    1845   4.19566e+05                                                          
    1855   5.93761e+05                                                          
    1865   7.88202e+05                                                          
    1875   7.03513e+05                                                          
    1885   7.44464e+05                                                          
    1895   8.82892e+05                                                          
    1905   8.24213e+05                                                          
    1915   8.84558e+05                                                          
    1925   7.40836e+05                                                          
    1935   3.48296e+05                                                          
    1945   9.74070e+05                                                          
    1955   1.03146e+06                                                          
    1967   1.22750e+06                                                          
    1976   1.12200e+06                                                          
    1984   1.22535e+06                                                          
    1995   1.22559e+06                                                          
    2005   1.08951e+06                                                          
    2015   1.09606e+06                                                          
    2025   9.39684e+05                                                          
    2035   1.23336e+06                                                          
    2045   1.38532e+06                                                          
    2055   1.30940e+06                                                          
    2065   1.20445e+06                                                          
    2074   1.49251e+06                                                          
    2078   1.97776e+06                                                          
    2085   2.04295e+06                                                          
    2095   1.89060e+06                                                          
    2105   1.67674e+06                                                          
    2115   1.80269e+06                                                          
    2125   1.71228e+06                                                          
    2135   1.43512e+06                                                          
    2145   1.81264e+06                                                          
    2155   1.83838e+06                                                          
    2165   1.63567e+06                                                          
    2175   1.67045e+06                                                          
    2185   1.88937e+06                                                          
    2195   2.02763e+06                                                          
    2205   1.89306e+06                                                          
    2215   1.53199e+06                                                          
    2225   1.56541e+06                                                          
    2235   2.03451e+06                                                          
    2245   1.88333e+06                                                          
    2255   1.50305e+06                                                          
    2265   1.51825e+06                                                          
    2275   1.72263e+06                                                          
    2285   2.00564e+06                                                          
    2295   1.72703e+06                                                          
    2305   1.96615e+06                                                          
    2315   1.77727e+06                                                          
    2325   1.19113e+06                                                          
    2335   1.19881e+06                                                          
    2345   8.13705e+05                                                          
    2355   1.57362e+06                                                          
    2365   8.82372e+05                                                          
    2375   1.22925e+06                                                          
    2385   6.36855e+05                                                          
    2395   8.72656e+05                                                          
    2405   8.65828e+05                                                          
    2415   1.03920e+06                                                          
    2425   1.70407e+06                                                          
    2435   1.67070e+06                                                          
    2445   1.93728e+06                                                          
    2455   1.98279e+06                                                          
    2465   1.89691e+06                                                          
    2475   1.66710e+06                                                          
    2485   1.47676e+06                                                          
    2495   1.45316e+06                                                          
    2505   2.15468e+06                                                          
    2513   1.07596e+06                                                          
    2518   8.04802e+05                                                          
    2525   9.13894e+05                                                          
    2535   1.17631e+06                                                          
    2545   1.28511e+06                                                          
    2555   1.78662e+06                                                          
    2565   1.48931e+06                                                          
    2575   1.79381e+06                                                          
    2585   1.68553e+06                                                          
    2595   1.55079e+06                                                          
    2605   1.37100e+06                                                          
    2615   1.20088e+06                                                          
    2625   1.71711e+06                                                          
    2635   2.22417e+06                                                          
    2645   3.00117e+06                                                          
    2655   3.40305e+06                                                          
    2665   2.51021e+06                                                          
    2675   2.89854e+06                                                          
    2685   2.97862e+06                                                          
    2695   2.52183e+06                                                          
    2705   2.87131e+06                                                          
    2715   2.36866e+06                                                          
    2725   2.37585e+06                                                          
    2735   2.67224e+06                                                          
    2745   1.49768e+06                                                          
    2755   1.87506e+06                                                          
    2765   2.23201e+06                                                          
    2775   2.55356e+06                                                          
    2785   1.70455e+06                                                          
    2795   6.09024e+05                                                          
    2805   7.94150e+05                                                          
    2815   2.40130e+06                                                          
    2825   3.27747e+06                                                          
    2835   3.19740e+06                                                          
    2845   3.03377e+06                                                          
    2855   2.36229e+06                                                          
    2865   3.44883e+06                                                          
    2875   3.52368e+06                                                          
    2885   3.37885e+06                                                          
    2895   3.33566e+06                                                          
    2910   4.10684e+06                                                          
    2930   3.77607e+06                                                          
    2950   3.70396e+06                                                          
    2970   4.00716e+06                                                          
    2990   4.07096e+06                                                          
    3010   4.29976e+06                                                          
    3030   4.22281e+06                                                          
    3050   4.32140e+06                                                          
    3070   4.42635e+06                                                          
    3090   4.56805e+06                                                          
    3110   4.45531e+06                                                          
    3130   4.42279e+06                                                          
    3150   4.47678e+06                                                          
    3170   4.49923e+06                                                          
    3190   4.10761e+06                                                          
    3210   4.44506e+06                                                          
    3230   4.01053e+06                                                          
    3250   4.45745e+06                                                          
    3270   4.77418e+06                                                          
    3290   4.71255e+06                                                          
    3310   4.88956e+06                                                          
    3330   4.81565e+06                                                          
    3350   4.77713e+06                                                          
    3370   4.57773e+06                                                          
    3390   4.69135e+06                                                          
    3410   4.67103e+06                                                          
    3430   4.69958e+06                                                          
    3450   4.78842e+06                                                          
    3470   4.74035e+06                                                          
    3490   4.81850e+06                                                          
    3510   4.93301e+06                                                          
    3530   4.79730e+06                                                          
    3550   5.18510e+06                                                          
    3570   4.70884e+06                                                          
    3590   4.60395e+06                                                          
    3610   4.73784e+06                                                          
    3630   4.76514e+06                                                          
    3640   4.75809e+06                                                          
    3650   5.18139e+06                                                          
    3670   4.91504e+06                                                          
    3690   4.61513e+06                                                          
    3710   5.13808e+06                                                          
    3730   5.04503e+06                                                          
    3750   5.73700e+06                                                          
    3770   6.11638e+06                                                          
    3790   6.75409e+06                                                          
    3810   7.47229e+06                                                          
    3830   6.10903e+06                                                          
    3850   7.86165e+06                                                          
    3870   8.32066e+06                                                          
    3890   6.39632e+06                                                          
    3910   8.00932e+06                                                          
    3930   4.93926e+06                                                          
    3950   7.12723e+06                                                          
    3970   4.88444e+06                                                          
    3990   8.24951e+06                                                          
    4010   8.81772e+06                                                          
    4030   8.88621e+06                                                          
    4050   8.74310e+06                                                          
    4070   8.59585e+06                                                          
    4090   8.12847e+06                                                          
    4110   7.01899e+06                                                          
    4130   8.63545e+06                                                          
    4150   8.96601e+06                                                          
    4170   8.87607e+06                                                          
    4190   8.82911e+06                                                          
    4210   8.81240e+06                                                          
    4230   8.57646e+06                                                          
    4250   8.69643e+06                                                          
    4270   8.46520e+06                                                          
    4290   8.38776e+06                                                          
    4310   7.80076e+06                                                          
    4330   7.58304e+06                                                          
    4350   6.82714e+06                                                          
    4370   8.57640e+06                                                          
    4390   8.44430e+06                                                          
    4410   8.40056e+06                                                          
    4430   8.32488e+06                                                          
    4450   8.34408e+06                                                          
    4470   8.42742e+06                                                          
    4490   8.35727e+06                                                          
    4510   8.75083e+06                                                          
    4530   8.26409e+06                                                          
    4550   8.27791e+06                                                          
    4570   8.61787e+06                                                          
    4590   8.22874e+06                                                          
    4610   8.37982e+06                                                          
    4630   8.17892e+06                                                          
    4650   8.25013e+06                                                          
    4670   8.32148e+06                                                          
    4690   8.07948e+06                                                          
    4710   7.80019e+06                                                          
    4730   8.13851e+06                                                          
    4750   8.15409e+06                                                          
    4770   8.07215e+06                                                          
    4790   8.01168e+06                                                          
    4810   7.91202e+06                                                          
    4830   7.81322e+06                                                          
    4850   6.90775e+06                                                          
    4870   5.85506e+06                                                          
    4890   7.42708e+06                                                          
    4910   7.53283e+06                                                          
    4930   7.42793e+06                                                          
    4950   7.59071e+06                                                          
    4970   7.63654e+06                                                          
    4990   7.26290e+06                                                          
    5010   7.04498e+06                                                          
    5030   7.30757e+06                                                          
    5050   7.22911e+06                                                          
    5070   7.37652e+06                                                          
    5090   7.22887e+06                                                          
    5110   7.26333e+06                                                          
    5130   7.10428e+06                                                          
    5150   6.94115e+06                                                          
    5170   6.80634e+06                                                          
    5190   6.75666e+06                                                          
    5210   6.82726e+06                                                          
    5230   6.84879e+06                                                          
    5250   6.94420e+06                                                          
    5270   6.48140e+06                                                          
    5290   6.81987e+06                                                          
    5310   6.82643e+06                                                          
    5330   6.51823e+06                                                          
    5350   6.71971e+06                                                          
    5370   6.65436e+06                                                          
    5390   6.59805e+06                                                          
    5410   6.44652e+06                                                          
    5430   6.52561e+06                                                          
    5450   6.57348e+06                                                          
    5470   6.47460e+06                                                          
    5490   6.48998e+06                                                          
    5510   6.43979e+06                                                          
    5530   6.39369e+06                                                          
    5550   6.40102e+06                                                          
    5570   6.27436e+06                                                          
    5590   6.23031e+06                                                          
    5610   6.24388e+06                                                          
    5630   6.24991e+06                                                          
    5650   6.20837e+06                                                          
    5670   6.09900e+06                                                          
    5690   6.12621e+06                                                          
    5710   6.05505e+06                                                          
    5730   6.16990e+06                                                          
    5750   6.04762e+06                                                          
    5770   6.04503e+06                                                          
    5790   5.97759e+06                                                          
    5810   5.97025e+06                                                          
    5830   5.96182e+06                                                          
    5850   5.87908e+06                                                          
    5870   5.85300e+06                                                          
    5890   5.70824e+06                                                          
    5910   5.77542e+06                                                          
    5930   5.73823e+06                                                          
    5950   5.71767e+06                                                          
    5970   5.68246e+06                                                          
    5990   5.62586e+06                                                          
    6010   5.55229e+06                                                          
    6030   5.53465e+06                                                          
    6050   5.54955e+06                                                          
    6070   5.52476e+06                                                          
    6090   5.44650e+06                                                          
    6110   5.39291e+06                                                          
    6130   5.27417e+06                                                          
    6150   5.23738e+06                                                          
    6170   5.20254e+06                                                          
    6190   5.28821e+06                                                          
    6210   5.25638e+06                                                          
    6230   5.17758e+06                                                          
    6250   5.03060e+06                                                          
    6270   5.16480e+06                                                          
    6290   5.13747e+06                                                          
    6310   5.03207e+06                                                          
    6330   5.02336e+06                                                          
    6350   4.99118e+06                                                          
    6370   4.95841e+06                                                          
    6390   4.95708e+06                                                          
    6410   4.85761e+06                                                          
    6430   4.86050e+06                                                          
    6450   4.80475e+06                                                          
    6470   4.79228e+06                                                          
    6490   4.71097e+06                                                          
    6510   4.71999e+06                                                          
    6530   4.64359e+06                                                          
    6550   4.25667e+06                                                          
    6570   3.50126e+06                                                          
    6590   4.45615e+06                                                          
    6610   4.58292e+06                                                          
    6630   4.58205e+06                                                          
    6650   4.56131e+06                                                          
    6670   4.51863e+06                                                          
    6690   4.52675e+06                                                          
    6710   4.48196e+06                                                          
    6730   4.46701e+06                                                          
    6750   4.41584e+06                                                          
    6770   4.41360e+06                                                          
    6790   4.37957e+06                                                          
    6810   4.34794e+06                                                          
    6830   4.32174e+06                                                          
    6850   4.27175e+06                                                          
    6870   4.27156e+06                                                          
    6890   4.25084e+06                                                          
    6910   4.21798e+06                                                          
    6930   4.19367e+06                                                          
    6950   4.16882e+06                                                          
    6970   4.13876e+06                                                          
    6990   4.12125e+06                                                          
    7010   4.04335e+06                                                          
    7030   4.04925e+06                                                          
    7050   4.03740e+06                                                          
    7070   4.01028e+06                                                          
    7090   3.98339e+06                                                          
    7110   3.90787e+06                                                          
    7130   3.90580e+06                                                          
    7150   3.88961e+06                                                          
    7170   3.85791e+06                                                          
    7190   3.81305e+06                                                          
    7210   3.81407e+06                                                          
    7230   3.78841e+06                                                          
    7250   3.77620e+06                                                          
    7270   3.76294e+06                                                          
    7290   3.70080e+06                                                          
    7310   3.69898e+06                                                          
    7330   3.67994e+06                                                          
    7350   3.67415e+06                                                          
    7370   3.65556e+06                                                          
    7390   3.59540e+06                                                          
    7410   3.53386e+06                                                          
    7430   3.54484e+06                                                          
    7450   3.53707e+06                                                          
    7470   3.51708e+06                                                          
    7490   3.49276e+06                                                          
    7510   3.48205e+06                                                          
    7530   3.46929e+06                                                          
    7550   3.46377e+06                                                          
    7570   3.43084e+06                                                          
    7590   3.40883e+06                                                          
    7610   3.38700e+06                                                          
    7630   3.37359e+06                                                          
    7650   3.34798e+06                                                          
    7670   3.29019e+06                                                          
    7690   3.30189e+06                                                          
    7710   3.26723e+06                                                          
    7730   3.26861e+06                                                          
    7750   3.23020e+06                                                          
    7770   3.17883e+06                                                          
    7790   3.22142e+06                                                          
    7810   3.19373e+06                                                          
    7830   3.15631e+06                                                          
    7850   3.13052e+06                                                          
    7870   3.13147e+06                                                          
    7890   3.11080e+06                                                          
    7910   3.08532e+06                                                          
    7930   3.04517e+06                                                          
    7950   3.03537e+06                                                          
    7970   3.04942e+06                                                          
    7990   3.02178e+06                                                          
    8010   2.99549e+06                                                          
    8030   2.98040e+06                                                          
    8050   2.95932e+06                                                          
    8070   2.95424e+06                                                          
    8090   2.92188e+06                                                          
    8110   2.92499e+06                                                          
    8130   2.91280e+06                                                          
    8150   2.89220e+06                                                          
    8170   2.87500e+06                                                          
    8190   2.80645e+06                                                          
    8210   2.80667e+06                                                          
    8230   2.78826e+06                                                          
    8250   2.78022e+06                                                          
    8270   2.79432e+06                                                          
    8290   2.77422e+06                                                          
    8310   2.73953e+06                                                          
    8330   2.69632e+06                                                          
    8350   2.70578e+06                                                          
    8370   2.69354e+06                                                          
    8390   2.65159e+06                                                          
    8410   2.64832e+06                                                          
    8430   2.62007e+06                                                          
    8450   2.58232e+06                                                          
    8470   2.55677e+06                                                          
    8490   2.58134e+06                                                          
    8510   2.44586e+06                                                          
    8530   2.58026e+06                                                          
    8550   2.34478e+06                                                          
    8570   2.58644e+06                                                          
    8590   2.46942e+06                                                          
    8610   2.42998e+06                                                          
    8630   2.55414e+06                                                          
    8650   2.50163e+06                                                          
    8670   2.19402e+06                                                          
    8690   2.45309e+06                                                          
    8710   2.50633e+06                                                          
    8730   2.46134e+06                                                          
    8750   2.20577e+06                                                          
    8770   2.41353e+06                                                          
    8790   2.45936e+06                                                          
    8810   2.43724e+06                                                          
    8830   2.40406e+06                                                          
    8850   2.31528e+06                                                          
    8870   2.10778e+06                                                          
    8890   2.36505e+06                                                          
    8910   2.38284e+06                                                          
    8930   2.36000e+06                                                          
    8950   2.36802e+06                                                          
    8970   2.34824e+06                                                          
    8990   2.31124e+06                                                          
    9010   2.03082e+06                                                          
    9030   2.17787e+06                                                          
    9050   2.29314e+06                                                          
    9070   2.24747e+06                                                          
    9090   2.20363e+06                                                          
    9110   2.24338e+06                                                          
    9130   2.26191e+06                                                          
    9150   2.25360e+06                                                          
    9170   2.23323e+06                                                          
    9190   2.21188e+06                                                          
    9210   2.13004e+06                                                          
    9230   1.84972e+06                                                          
    9250   2.07704e+06                                                          
    9270   2.12447e+06                                                          
    9290   2.16229e+06                                                          
    9310   2.15827e+06                                                          
    9330   2.14366e+06                                                          
    9350   2.13408e+06                                                          
    9370   2.12730e+06                                                          
    9390   2.10887e+06                                                          
    9410   2.02841e+06                                                          
    9430   2.07564e+06                                                          
    9450   2.05988e+06                                                          
    9470   2.06349e+06                                                          
    9490   2.05254e+06                                                          
    9510   2.02164e+06                                                          
    9530   1.95414e+06                                                          
    9550   1.69970e+06                                                          
    9570   1.94387e+06                                                          
    9590   1.98414e+06                                                          
    9610   1.96680e+06                                                          
    9630   1.94364e+06                                                          
    9650   1.95426e+06                                                          
    9670   1.93016e+06                                                          
    9690   1.93140e+06                                                          
    9710   1.93884e+06                                                          
    9730   1.92783e+06                                                          
    9750   1.90089e+06                                                          
    9770   1.90404e+06                                                          
    9790   1.89439e+06                                                          
    9810   1.88506e+06                                                          
    9830   1.87491e+06                                                          
    9850   1.85754e+06                                                          
    9870   1.84485e+06                                                          
    9890   1.83065e+06                                                          
    9910   1.82217e+06                                                          
    9930   1.82080e+06                                                          
    9950   1.81252e+06                                                          
    9970   1.80381e+06                                                          
    9990   1.79034e+06                                                          
   10025   1.71045e+06                                                          
   10075   1.64200e+06                                                          
   10125   1.71777e+06                                                          
   10175   1.70267e+06                                                          
   10225   1.68938e+06                                                          
   10275   1.67184e+06                                                          
   10325   1.64129e+06                                                          
   10375   1.62440e+06                                                          
   10425   1.60411e+06                                                          
   10475   1.56796e+06                                                          
   10525   1.55656e+06                                                          
   10575   1.53941e+06                                                          
   10625   1.51677e+06                                                          
   10675   1.47124e+06                                                          
   10725   1.47027e+06                                                          
   10775   1.45294e+06                                                          
   10825   1.43075e+06                                                          
   10875   1.40809e+06                                                          
   10925   1.27969e+06                                                          
   10975   1.34263e+06                                                          
   11025   1.37132e+06                                                          
   11075   1.36112e+06                                                          
   11125   1.34058e+06                                                          
   11175   1.32332e+06                                                          
   11225   1.31156e+06                                                          
   11275   1.27373e+06                                                          
   11325   1.26092e+06                                                          
   11375   1.25662e+06                                                          
   11425   1.23205e+06                                                          
   11475   1.23464e+06                                                          
   11525   1.22043e+06                                                          
   11575   1.20212e+06                                                          
   11625   1.17388e+06                                                          
   11675   1.15557e+06                                                          
   11725   1.16310e+06                                                          
   11775   1.12574e+06                                                          
   11825   1.12164e+06                                                          
   11875   1.10158e+06                                                          
   11925   1.11125e+06                                                          
   11975   1.08017e+06                                                          
   12025   1.07842e+06                                                          
   12075   1.06169e+06                                                          
   12125   1.05296e+06                                                          
   12175   1.04618e+06                                                          
   12225   1.03267e+06                                                          
   12275   1.01894e+06                                                          
   12325   1.00761e+06                                                          
   12375   9.97138e+05                                                          
   12425   9.87187e+05                                                          
   12475   9.75591e+05                                                          
   12525   9.62237e+05                                                          
   12575   9.47017e+05                                                          
   12625   9.39079e+05                                                          
   12675   9.29520e+05                                                          
   12725   9.19342e+05                                                          
   12775   8.94965e+05                                                          
   12825   7.94608e+05                                                          
   12875   8.77428e+05                                                          
   12925   8.77256e+05                                                          
   12975   8.71292e+05                                                          
   13025   8.60657e+05                                                          
   13075   8.53876e+05                                                          
   13125   8.40840e+05                                                          
   13175   8.29012e+05                                                          
   13225   8.25566e+05                                                          
   13275   8.14596e+05                                                          
   13325   8.07076e+05                                                          
   13375   7.97299e+05                                                          
   13425   7.90240e+05                                                          
   13475   7.81348e+05                                                          
   13525   7.71124e+05                                                          
   13575   7.59923e+05                                                          
   13625   7.55518e+05                                                          
   13675   7.46092e+05                                                          
   13725   7.31754e+05                                                          
   13775   7.28600e+05                                                          
   13825   7.21771e+05                                                          
   13875   7.17450e+05                                                          
   13925   7.06185e+05                                                          
   13975   7.00404e+05                                                          
   14025   6.91883e+05                                                          
   14075   6.86734e+05                                                          
   14125   6.76111e+05                                                          
   14175   6.72125e+05                                                          
   14225   6.60771e+05                                                          
   14275   6.52502e+05                                                          
   14325   6.50117e+05                                                          
   14375   6.45370e+05                                                          
   14425   6.21656e+05                                                          
   14475   6.30246e+05                                                          
   14525   6.15342e+05                                                          
   14570   6.16235e+05                                                          
   14620   6.08661e+05                                                          
   14675   6.04052e+05                                                          
   14725   5.94315e+05                                                          
   14775   5.86400e+05                                                          
   14825   5.82942e+05                                                          
   14875   5.72905e+05                                                          
   14925   5.75049e+05                                                          
   14975   5.65493e+05                                                          
   15025   5.56477e+05                                                          
   15075   5.48729e+05                                                          
   15125   5.48304e+05                                                          
   15175   5.42718e+05                                                          
   15225   5.34400e+05                                                          
   15275   5.29879e+05                                                          
   15325   5.22598e+05                                                          
   15375   5.18849e+05                                                          
   15425   5.08334e+05                                                          
   15475   5.07709e+05                                                          
   15525   5.02006e+05                                                          
   15575   4.89692e+05                                                          
   15625   4.98548e+05                                                          
   15675   4.82498e+05                                                          
   15725   4.73362e+05                                                          
   15775   4.78274e+05                                                          
   15825   4.75673e+05                                                          
   15875   4.45212e+05                                                          
   15925   4.62365e+05                                                          
   15975   4.68206e+05                                                          
   16050   4.53776e+05                                                          
   16150   4.32919e+05                                                          
   16250   4.44360e+05                                                          
   16350   4.25353e+05                                                          
   16450   4.03672e+05                                                          
   16550   4.17950e+05                                                          
   16650   4.10198e+05                                                          
   16750   3.90765e+05                                                          
   16850   3.68786e+05                                                          
   16950   3.85505e+05                                                          
   17050   3.76067e+05                                                          
   17150   3.70263e+05                                                          
   17250   3.57773e+05                                                          
   17350   3.24951e+05                                                          
   17450   3.40250e+05                                                          
   17550   3.38872e+05                                                          
   17650   3.32098e+05                                                          
   17750   3.26471e+05                                                          
   17850   3.20042e+05                                                          
   17950   3.14837e+05                                                          
   18050   3.05882e+05                                                          
   18150   2.79125e+05                                                          
   18250   2.89320e+05                                                          
   18350   2.89626e+05                                                          
   18450   2.83864e+05                                                          
   18550   2.78243e+05                                                          
   18650   2.71127e+05                                                          
   18750   2.44696e+05                                                          
   18850   2.60058e+05                                                          
   18950   2.54809e+05                                                          
   19050   2.54094e+05                                                          
   19150   2.48903e+05                                                          
   19250   2.44030e+05                                                          
   19350   2.37213e+05                                                          
   19450   2.15079e+05                                                          
   19550   2.28933e+05                                                          
   19650   2.26425e+05                                                          
   19750   2.22002e+05                                                          
   19850   2.18714e+05                                                          
   19950   2.14786e+05                                                          
   20050   2.11261e+05                                                          
   20150   2.07808e+05                                                          
   20250   2.03383e+05                                                          
   20350   1.99171e+05                                                          
   20450   1.96881e+05                                                          
   20550   1.93257e+05                                                          
   20650   1.89121e+05                                                          
   20750   1.86186e+05                                                          
   20850   1.83060e+05                                                          
   20950   1.79489e+05                                                          
   21050   1.76678e+05                                                          
   21150   1.73245e+05                                                          
   21250   1.70272e+05                                                          
   21350   1.67531e+05                                                          
   21450   1.65037e+05                                                          
   21550   1.61205e+05                                                          
   21650   1.46181e+05                                                          
   21750   1.54761e+05                                                          
   21850   1.53644e+05                                                          
   21950   1.51879e+05                                                          
   22050   1.48675e+05                                                          
   22150   1.46350e+05                                                          
   22250   1.44393e+05                                                          
   22350   1.42029e+05                                                          
   22450   1.39676e+05                                                          
   22550   1.36806e+05                                                          
   22650   1.34958e+05                                                          
   22750   1.32922e+05                                                          
   22850   1.30824e+05                                                          
   22950   1.29511e+05                                                          
   23050   1.27773e+05                                                          
   23150   1.25432e+05                                                          
   23250   1.23399e+05                                                          
   23350   1.21150e+05                                                          
   23450   1.19334e+05                                                          
   23550   1.17281e+05                                                          
   23650   1.15448e+05                                                          
   23750   1.13369e+05                                                          
   23850   1.11463e+05                                                          
   23950   1.09846e+05                                                          
   24050   1.07997e+05                                                          
   24150   1.06243e+05                                                          
   24250   1.04688e+05                                                          
   24350   1.02871e+05                                                          
   24450   1.01367e+05                                                          
   24550   9.96897e+04                                                          
   24650   9.83279e+04                                                          
   24750   9.67832e+04                                                          
   24850   9.53165e+04                                                          
   24950   9.33750e+04                                                          
   25050   9.35464e+04                                                          
   25150   9.16968e+04                                                          
   25250   8.92001e+04                                                          
   25350   8.88280e+04                                                          
   25450   8.78148e+04                                                          
   25550   8.60449e+04                                                          
   25650   8.33795e+04                                                          
   25750   8.38580e+04                                                          
   25850   8.25985e+04                                                          
   25950   8.17281e+04                                                          
   26050   7.98631e+04                                                          
   26150   7.69457e+04                                                          
   26250   7.19802e+04                                                          
   26350   7.63952e+04                                                          
   26450   7.59369e+04                                                          
   26550   7.49474e+04                                                          
   26650   7.32548e+04                                                          
   26750   7.03184e+04                                                          
   26850   7.16236e+04                                                          
   26950   7.11541e+04                                                          
   27050   7.02127e+04                                                          
   27150   6.92589e+04                                                          
   27250   6.83058e+04                                                          
   27350   6.73711e+04                                                          
   27450   6.62016e+04                                                          
   27550   6.27406e+04                                                          
   27650   6.34247e+04                                                          
   27750   6.36209e+04                                                          
   27850   6.29268e+04                                                          
   27950   6.21473e+04                                                          
   28050   6.13026e+04                                                          
   28150   6.04986e+04                                                          
   28250   5.96773e+04                                                          
   28350   5.89288e+04                                                          
   28450   5.80012e+04                                                          
   28550   5.72263e+04                                                          
   28650   5.57669e+04                                                          
   28750   5.27058e+04                                                          
   28850   5.47471e+04                                                          
   28950   5.43467e+04                                                          
   29050   5.37088e+04                                                          
   29150   5.29063e+04                                                          
   29250   5.22747e+04                                                          
   29350   5.16601e+04                                                          
   29450   5.09601e+04                                                          
   29550   5.03452e+04                                                          
   29650   4.97157e+04                                                          
   29750   4.90731e+04                                                          
   29850   4.84635e+04                                                          
   29950   4.78116e+04                                                          
   30050   4.71991e+04                                                          
   30150   4.66055e+04                                                          
   30250   4.58497e+04                                                          
   30350   4.31644e+04                                                          
   30450   4.36289e+04                                                          
   30550   4.41994e+04                                                          
   30650   4.37596e+04                                                          
   30750   4.32814e+04                                                          
   30850   4.26522e+04                                                          
   30950   4.21618e+04                                                          
   31050   4.16717e+04                                                          
   31150   4.09819e+04                                                          
   31250   4.06280e+04                                                          
   31350   4.01642e+04                                                          
   31450   3.96667e+04                                                          
   31550   3.91783e+04                                                          
   31650   3.87719e+04                                                          
   31750   3.82604e+04                                                          
   31850   3.78574e+04                                                          
   31950   3.74164e+04                                                          
   32100   3.67289e+04                                                          
   32300   3.58961e+04                                                          
   32500   3.50424e+04                                                          
   32700   3.41923e+04                                                          
   32900   3.20285e+04                                                          
   33100   3.23946e+04                                                          
   33300   3.19331e+04                                                          
   33500   3.12602e+04                                                          
   33700   3.04731e+04                                                          
   33900   2.97891e+04                                                          
   34100   2.90983e+04                                                          
   34300   2.84847e+04                                                          
   34500   2.78995e+04                                                          
   34700   2.72582e+04                                                          
   34900   2.66710e+04                                                          
   35100   2.60895e+04                                                          
   35300   2.55099e+04                                                          
   35500   2.49663e+04                                                          
   35700   2.44032e+04                                                          
   35900   2.39032e+04                                                          
   36100   2.33888e+04                                                          
   36300   2.29297e+04                                                          
   36500   2.23767e+04                                                          
   36700   2.19599e+04                                                          
   36900   2.13543e+04                                                          
   37100   2.09845e+04                                                          
   37300   2.02317e+04                                                          
   37500   1.95218e+04                                                          
   37700   1.97717e+04                                                          
   37900   1.94083e+04                                                          
   38100   1.89201e+04                                                          
   38300   1.85873e+04                                                          
   38500   1.83219e+04                                                          
   38700   1.79240e+04                                                          
   38900   1.75365e+04                                                          
   39100   1.70579e+04                                                          
   39300   1.69081e+04                                                          
   39500   1.65789e+04                                                          
   39700   1.62716e+04                                                          
   39900   1.58979e+04                                                          
   40100   1.54951e+04                                                          
   40300   1.51763e+04                                                          
   40500   1.45143e+04                                                          
   40700   1.47354e+04                                                          
   40900   1.44806e+04                                                          
   41100   1.42370e+04                                                          
   41300   1.39779e+04                                                          
   41500   1.36736e+04                                                          
   41700   1.31952e+04                                                          
   41900   1.31692e+04                                                          
   42100   1.29280e+04                                                          
   42300   1.27451e+04                                                          
   42500   1.24999e+04                                                          
   42700   1.22858e+04                                                          
   42900   1.20646e+04                                                          
   43100   1.18464e+04                                                          
   43300   1.16266e+04                                                          
   43500   1.14115e+04                                                          
   43700   1.09676e+04                                                          
   43900   1.09494e+04                                                          
   44100   1.08090e+04                                                          
   44300   1.06346e+04                                                          
   44500   1.04539e+04                                                          
   44700   1.02861e+04                                                          
   44900   1.01102e+04                                                          
   45100   9.93938e+03                                                          
   45300   9.76825e+03                                                          
   45500   9.60321e+03                                                          
   45700   9.43665e+03                                                          
   45900   9.27434e+03                                                          
   46100   9.12521e+03                                                          
   46300   8.95983e+03                                                          
   46500   8.47807e+03                                                          
   46700   8.39901e+03                                                          
   46900   8.49981e+03                                                          
   47100   8.39264e+03                                                          
   47300   8.25964e+03                                                          
   47500   8.12008e+03                                                          
   47700   7.99046e+03                                                          
   47900   7.86481e+03                                                          
   48100   7.73631e+03                                                          
   48300   7.61326e+03                                                          
   48500   7.48994e+03                                                          
   48700   7.37141e+03                                                          
   48900   7.25507e+03                                                          
   49100   7.13689e+03                                                          
   49300   7.02730e+03                                                          
   49500   6.91483e+03                                                          
   49700   6.80880e+03                                                          
   49900   6.70377e+03                                                          
   50100   6.59923e+03                                                          
   50300   6.49709e+03                                                          
   50500   6.39730e+03                                                          
   50700   6.30074e+03                                                          
   50900   6.20180e+03                                                          
   51100   6.08584e+03                                                          
   51300   5.82021e+03                                                          
   51500   5.91435e+03                                                          
   51700   5.83638e+03                                                          
   51900   5.75008e+03                                                          
   52100   5.66140e+03                                                          
   52300   5.57785e+03                                                          
   52500   5.49758e+03                                                          
   52700   5.41664e+03                                                          
   52900   5.33677e+03                                                          
   53100   5.25836e+03                                                          
   53300   5.18183e+03                                                          
   53500   5.10587e+03                                                          
   53700   5.02924e+03                                                          
   53900   4.95855e+03                                                          
   54100   4.88877e+03                                                          
   54300   4.81500e+03                                                          
   54500   4.74904e+03                                                          
   54700   4.67510e+03                                                          
   54900   4.61484e+03                                                          
   55100   4.55059e+03                                                          
   55300   4.48519e+03                                                          
   55500   4.42333e+03                                                          
   55700   4.36070e+03                                                          
   55900   4.29387e+03                                                          
   56100   4.24044e+03                                                          
   56300   4.18124e+03                                                          
   56500   4.12502e+03                                                          
   56700   4.06799e+03                                                          
   56900   4.01167e+03                                                          
   57100   3.95787e+03                                                          
   57300   3.90399e+03                                                          
   57500   3.85113e+03                                                          
   57700   3.79818e+03                                                          
   57900   3.74588e+03                                                          
   58100   3.69668e+03                                                          
   58300   3.64808e+03                                                          
   58500   3.60110e+03                                                          
   58700   3.55085e+03                                                          
   58900   3.48737e+03                                                          
   59100   3.34584e+03                                                          
   59300   3.40689e+03                                                          
   59500   3.36147e+03                                                          
   59700   3.32475e+03                                                          
   59900   3.28143e+03                                                          
   60100   3.23702e+03                                                          
   60300   3.19754e+03                                                          
   60500   3.15642e+03                                                          
   60700   3.11479e+03                                                          
   60900   3.07358e+03                                                          
   61100   3.03132e+03                                                          
   61300   2.99693e+03                                                          
   61500   2.95930e+03                                                          
   61700   2.92172e+03                                                          
   61900   2.88462e+03                                                          
   62100   2.84878e+03                                                          
   62300   2.80883e+03                                                          
   62500   2.77655e+03                                                          
   62700   2.74148e+03                                                          
   62900   2.70901e+03                                                          
   63100   2.67262e+03                                                          
   63300   2.64208e+03                                                          
   63500   2.60943e+03                                                          
   63700   2.57738e+03                                                          
   63900   2.54562e+03                                                          
   64200   2.49991e+03                                                          
   64600   2.43876e+03                                                          
   65000   2.37986e+03                                                          
   65400   2.32429e+03                                                          
   65800   2.26933e+03                                                          
   66200   2.21548e+03                                                          
   66600   2.16405e+03                                                          
   67000   2.11341e+03                                                          
   67400   2.06409e+03                                                          
   67800   2.01714e+03                                                          
   68200   1.97094e+03                                                          
   68600   1.92600e+03                                                          
   69000   1.88213e+03                                                          
   69400   1.83965e+03                                                          
   69800   1.79886e+03                                                          
   70200   1.75830e+03                                                          
   70600   1.71981e+03                                                          
   71000   1.68257e+03                                                          
   71400   1.64554e+03                                                          
   71800   1.60960e+03                                                          
   72200   1.57394e+03                                                          
   72600   1.54063e+03                                                          
   73000   1.50827e+03                                                          
   73400   1.47571e+03                                                          
   73800   1.44485e+03                                                          
   74200   1.41368e+03                                                          
   74600   1.36167e+03                                                          
   75000   1.33252e+03                                                          
   75400   1.32698e+03                                                          
   75800   1.30030e+03                                                          
   76200   1.27376e+03                                                          
   76600   1.24784e+03                                                          
   77000   1.22227e+03                                                          
   77400   1.19784e+03                                                          
   77800   1.17378e+03                                                          
   78200   1.15033e+03                                                          
   78600   1.12744e+03                                                          
   79000   1.10512e+03                                                          
   79400   1.08328e+03                                                          
   79800   1.06207e+03                                                          
   80200   1.04112e+03                                                          
   80600   1.02088e+03                                                          
   81000   1.00137e+03                                                          
   81400   9.81783e+02                                                          
   81800   9.63101e+02                                                          
   82200   9.44965e+02                                                          
   82600   9.26977e+02                                                          
   83000   9.09517e+02                                                          
   83400   8.92055e+02                                                          
   83800   8.75363e+02                                                          
   84200   8.59302e+02                                                          
   84600   8.43539e+02                                                          
   85000   8.28050e+02                                                          
   85400   8.12780e+02                                                          
   85800   7.97922e+02                                                          
   86200   7.83352e+02                                                          
   86600   7.69321e+02                                                          
   87000   7.55466e+02                                                          
   87400   7.41879e+02                                                          
   87800   7.28648e+02                                                          
   88200   7.15487e+02                                                          
   88600   7.02901e+02                                                          
   89000   6.90450e+02                                                          
   89400   6.78464e+02                                                          
   89800   6.66410e+02                                                          
   90200   6.54971e+02                                                          
   90600   6.43751e+02                                                          
   91000   6.32428e+02                                                          
   91400   6.21622e+02                                                          
   91800   6.11122e+02                                                          
   92200   6.00767e+02                                                          
   92600   5.90554e+02                                                          
   93000   5.80618e+02                                                          
   93400   5.70817e+02                                                          
   93800   5.61284e+02                                                          
   94200   5.51919e+02                                                          
   94600   5.42759e+02                                                          
   95000   5.33773e+02                                                          
   95400   5.24880e+02                                                          
   95800   5.16416e+02                                                          
   96200   5.07906e+02                                                          
   96600   4.99725e+02                                                          
   97000   4.91635e+02                                                          
   97400   4.83510e+02                                                          
   97800   4.75852e+02                                                          
   98200   4.68253e+02                                                          
   98600   4.60835e+02                                                          
   99000   4.53558e+02                                                          
   99400   4.46323e+02                                                          
   99800   4.39285e+02                                                          
  100200   4.32392e+02                                                          
  200000   2.78055e+01                                                          
  400000   1.73700e+00                                                          
  600000   3.40764e-01                                                          
  800000   1.07080e-01                                                          
 1000000   4.35934e-02                                                          
 1200000   2.09114e-02                                                          
 1400000   1.12343e-02                                                          
 1600000   6.55749e-03                                                          
