      91   1.00000e-21
      94   1.00000e-21                                                          
      96   1.00000e-21                                                          
      98   1.00000e-21                                                          
     100   1.00000e-21                                                          
     102   1.00000e-21                                                          
     104   1.00000e-21                                                          
     106   1.00000e-21                                                          
     108   1.00000e-21                                                          
     110   1.00000e-21                                                          
     114   1.00000e-21                                                          
     118   1.00000e-21                                                          
     121   1.00000e-21                                                          
     125   1.00000e-21                                                          
     127   1.00000e-21                                                          
     128   1.00000e-21                                                          
     130   1.00000e-21                                                          
     132   1.00000e-21                                                          
     134   1.00000e-21                                                          
     137   1.00000e-21                                                          
     140   1.00000e-21                                                          
     143   1.00000e-21                                                          
     147   1.00000e-21                                                          
     151   1.00000e-21                                                          
     155   1.00000e-21                                                          
     159   1.00000e-21                                                          
     162   1.00000e-21                                                          
     166   1.00000e-21                                                          
     170   1.00000e-21                                                          
     173   1.00000e-21                                                          
     177   1.00000e-21                                                          
     180   1.00000e-21                                                          
     182   1.00000e-21                                                          
     186   1.00000e-21                                                          
     191   1.00000e-21                                                          
     194   1.00000e-21                                                          
     198   1.00000e-21                                                          
     202   1.00000e-21                                                          
     205   1.00000e-21                                                          
     210   1.00000e-21                                                          
     216   1.00000e-21                                                          
     220   1.00000e-21                                                          
     223   1.00000e-21                                                          
     227   1.00000e-21                                                          
     230   1.00000e-21                                                          
     234   1.00000e-21                                                          
     240   1.00000e-21                                                          
     246   1.00000e-21                                                          
     252   1.00000e-21                                                          
     257   1.00000e-21                                                          
     260   1.00000e-21                                                          
     264   1.00000e-21                                                          
     268   1.00000e-21                                                          
     274   1.00000e-21                                                          
     278   1.00000e-21                                                          
     284   1.00000e-21                                                          
     290   1.00000e-21                                                          
     296   1.00000e-21                                                          
     301   1.00000e-21                                                          
     308   1.00000e-21                                                          
     318   1.00000e-21                                                          
     328   1.00000e-21                                                          
     338   1.00000e-21                                                          
     348   1.00000e-21                                                          
     357   1.00000e-21                                                          
     366   1.00000e-21                                                          
     375   1.00000e-21                                                          
     385   1.00000e-21                                                          
     395   1.00000e-21                                                          
     405   1.00000e-21                                                          
     414   1.00000e-21                                                          
     422   1.00000e-21                                                          
     430   1.00000e-21                                                          
     441   1.00000e-21                                                          
     451   1.00000e-21                                                          
     460   1.00000e-21                                                          
     470   1.00000e-21                                                          
     480   1.00000e-21                                                          
     490   1.00000e-21                                                          
     500   1.00000e-21                                                          
     506   1.63153e-15                                                          
     512   3.32070e-15                                                          
     520   7.29835e-15                                                          
     530   1.87982e-14                                                          
     540   4.61450e-14                                                          
     550   1.09987e-13                                                          
     560   2.52793e-13                                                          
     570   5.62639e-13                                                          
     580   1.20730e-12                                                          
     590   2.54930e-12                                                          
     600   5.20406e-12                                                          
     610   1.03646e-11                                                          
     620   2.01257e-11                                                          
     630   3.81807e-11                                                          
     640   7.08670e-11                                                          
     650   1.28846e-10                                                          
     658   2.04815e-10                                                          
     665   3.03789e-10                                                          
     675   5.26121e-10                                                          
     685   8.95624e-10                                                          
     695   1.49749e-09                                                          
     705   2.45371e-09                                                          
     716   4.18120e-09                                                          
     726   6.66001e-09                                                          
     735   1.00045e-08                                                          
     745   1.55114e-08                                                          
     755   2.37488e-08                                                          
     765   3.59223e-08                                                          
     775   5.36549e-08                                                          
     785   7.92856e-08                                                          
     795   1.14554e-07                                                          
     805   1.66480e-07                                                          
     815   2.38868e-07                                                          
     825   3.38278e-07                                                          
     835   4.74457e-07                                                          
     845   6.59285e-07                                                          
     855   9.08156e-07                                                          
     865   1.23997e-06                                                          
     875   1.67418e-06                                                          
     885   2.25557e-06                                                          
     895   3.00771e-06                                                          
     905   3.97149e-06                                                          
     915   4.53972e-03                                                          
     925   1.02046e-02                                                          
     935   1.36588e-02                                                          
     945   1.81670e-02                                                          
     955   2.52805e-02                                                          
     965   3.34064e-02                                                          
     975   4.33133e-02                                                          
     985   5.65395e-02                                                          
     995   7.23517e-02                                                          
    1005   9.63313e-02                                                          
    1015   1.23453e-01                                                          
    1025   1.48666e-01                                                          
    1035   1.98644e-01                                                          
    1045   2.51117e-01                                                          
    1055   3.15085e-01                                                          
    1065   3.90139e-01                                                          
    1075   4.87336e-01                                                          
    1085   6.03800e-01                                                          
    1095   7.38069e-01                                                          
    1105   3.17985e+00                                                          
    1115   6.02225e+00                                                          
    1125   8.37005e+00                                                          
    1135   1.08847e+01                                                          
    1145   1.37257e+01                                                          
    1155   1.47736e+01                                                          
    1165   1.97455e+01                                                          
    1175   2.33350e+01                                                          
    1185   2.36730e+01                                                          
    1195   1.55360e+01                                                          
    1205   1.62141e+01                                                          
    1215   6.23083e+00                                                          
    1225   2.04861e+01                                                          
    1235   4.32597e+01                                                          
    1245   1.12163e+02                                                          
    1255   1.81380e+02                                                          
    1265   1.83919e+02                                                          
    1275   2.78809e+02                                                          
    1285   3.88098e+02                                                          
    1295   4.70236e+02                                                          
    1305   4.20893e+02                                                          
    1315   6.33834e+02                                                          
    1325   7.42811e+02                                                          
    1335   8.41668e+02                                                          
    1345   1.03496e+03                                                          
    1355   1.08858e+03                                                          
    1365   1.23455e+03                                                          
    1375   1.33203e+03                                                          
    1385   1.40845e+03                                                          
    1395   1.63007e+03                                                          
    1405   1.83500e+03                                                          
    1415   1.95781e+03                                                          
    1425   2.17686e+03                                                          
    1435   2.27946e+03                                                          
    1442   2.73483e+03                                                          
    1447   2.86178e+03                                                          
    1455   3.18221e+03                                                          
    1465   3.27709e+03                                                          
    1475   3.61163e+03                                                          
    1485   4.03946e+03                                                          
    1495   4.70649e+03                                                          
    1505   5.29408e+03                                                          
    1512   5.27895e+03                                                          
    1517   5.50528e+03                                                          
    1525   8.47083e+03                                                          
    1535   1.04129e+04                                                          
    1545   1.25527e+04                                                          
    1555   1.38622e+04                                                          
    1565   1.32092e+04                                                          
    1575   2.09787e+04                                                          
    1585   2.55550e+04                                                          
    1595   3.14968e+04                                                          
    1605   2.96070e+04                                                          
    1615   2.98245e+04                                                          
    1625   2.60372e+04                                                          
    1635   3.27521e+04                                                          
    1645   4.60298e+04                                                          
    1655   2.71450e+04                                                          
    1665   4.93082e+04                                                          
    1672   2.91082e+04                                                          
    1677   4.06131e+05                                                          
    1685   4.17805e+05                                                          
    1695   2.99402e+05                                                          
    1705   3.54546e+05                                                          
    1715   5.73935e+05                                                          
    1725   6.45360e+05                                                          
    1735   8.12945e+05                                                          
    1745   7.33870e+05                                                          
    1755   9.64779e+05                                                          
    1765   6.68985e+05                                                          
    1775   9.15337e+05                                                          
    1785   8.98222e+05                                                          
    1795   1.31059e+06                                                          
    1805   1.10663e+06                                                          
    1815   1.23829e+06                                                          
    1825   1.12542e+06                                                          
    1835   1.01679e+06                                                          
    1845   8.29831e+05                                                          
    1855   1.10183e+06                                                          
    1865   1.40726e+06                                                          
    1875   1.26482e+06                                                          
    1885   1.33557e+06                                                          
    1895   1.54418e+06                                                          
    1905   1.43407e+06                                                          
    1915   1.54987e+06                                                          
    1925   1.36139e+06                                                          
    1935   7.32013e+05                                                          
    1945   1.69674e+06                                                          
    1955   1.77499e+06                                                          
    1967   2.07738e+06                                                          
    1976   1.94916e+06                                                          
    1984   2.03331e+06                                                          
    1995   2.00866e+06                                                          
    2005   1.80495e+06                                                          
    2015   1.80208e+06                                                          
    2025   1.59667e+06                                                          
    2035   2.00454e+06                                                          
    2045   2.24090e+06                                                          
    2055   2.13626e+06                                                          
    2065   1.98319e+06                                                          
    2074   2.45166e+06                                                          
    2078   2.95482e+06                                                          
    2085   2.93115e+06                                                          
    2095   2.73247e+06                                                          
    2105   2.43118e+06                                                          
    2115   2.57981e+06                                                          
    2125   2.53907e+06                                                          
    2135   2.08174e+06                                                          
    2145   2.58880e+06                                                          
    2155   2.61239e+06                                                          
    2165   2.35519e+06                                                          
    2175   2.38679e+06                                                          
    2185   2.64538e+06                                                          
    2195   2.87297e+06                                                          
    2205   2.68320e+06                                                          
    2215   2.24268e+06                                                          
    2225   2.24565e+06                                                          
    2235   2.85987e+06                                                          
    2245   2.62603e+06                                                          
    2255   2.18646e+06                                                          
    2265   2.21262e+06                                                          
    2275   2.47822e+06                                                          
    2285   2.81050e+06                                                          
    2295   2.44500e+06                                                          
    2305   2.72515e+06                                                          
    2315   2.51549e+06                                                          
    2325   1.66438e+06                                                          
    2335   1.80477e+06                                                          
    2345   1.29150e+06                                                          
    2355   2.29541e+06                                                          
    2365   1.38657e+06                                                          
    2375   1.86484e+06                                                          
    2385   1.04693e+06                                                          
    2395   1.39045e+06                                                          
    2405   1.37883e+06                                                          
    2415   1.56926e+06                                                          
    2425   2.39747e+06                                                          
    2435   2.33090e+06                                                          
    2445   2.66833e+06                                                          
    2455   2.69817e+06                                                          
    2465   2.64376e+06                                                          
    2475   2.33584e+06                                                          
    2485   2.18872e+06                                                          
    2495   2.10340e+06                                                          
    2505   2.98559e+06                                                          
    2513   1.72476e+06                                                          
    2518   1.35142e+06                                                          
    2525   1.43719e+06                                                          
    2535   1.70119e+06                                                          
    2545   1.83441e+06                                                          
    2555   2.41486e+06                                                          
    2565   2.09971e+06                                                          
    2575   2.49216e+06                                                          
    2585   2.39808e+06                                                          
    2595   2.25106e+06                                                          
    2605   2.02194e+06                                                          
    2615   1.78923e+06                                                          
    2625   2.48583e+06                                                          
    2635   2.97719e+06                                                          
    2645   3.91940e+06                                                          
    2655   4.32305e+06                                                          
    2665   3.29972e+06                                                          
    2675   3.77852e+06                                                          
    2685   3.83460e+06                                                          
    2695   3.31566e+06                                                          
    2705   3.70435e+06                                                          
    2715   3.14547e+06                                                          
    2725   3.18734e+06                                                          
    2735   3.55780e+06                                                          
    2745   2.14099e+06                                                          
    2755   2.57797e+06                                                          
    2765   2.97188e+06                                                          
    2775   3.39182e+06                                                          
    2785   2.41883e+06                                                          
    2795   9.00019e+05                                                          
    2805   1.17222e+06                                                          
    2815   3.26267e+06                                                          
    2825   4.22502e+06                                                          
    2835   4.09604e+06                                                          
    2845   3.90462e+06                                                          
    2855   3.26030e+06                                                          
    2865   4.35257e+06                                                          
    2875   4.37370e+06                                                          
    2885   4.27745e+06                                                          
    2895   4.15051e+06                                                          
    2910   5.04331e+06                                                          
    2930   4.68206e+06                                                          
    2950   4.60115e+06                                                          
    2970   4.92452e+06                                                          
    2990   5.01607e+06                                                          
    3010   5.25074e+06                                                          
    3030   5.16572e+06                                                          
    3050   5.25611e+06                                                          
    3070   5.38544e+06                                                          
    3090   5.54453e+06                                                          
    3110   5.38480e+06                                                          
    3130   5.35134e+06                                                          
    3150   5.46657e+06                                                          
    3170   5.45521e+06                                                          
    3190   5.00203e+06                                                          
    3210   5.36398e+06                                                          
    3230   4.92420e+06                                                          
    3250   5.35116e+06                                                          
    3270   5.66900e+06                                                          
    3290   5.62577e+06                                                          
    3310   5.83019e+06                                                          
    3330   5.72674e+06                                                          
    3350   5.68143e+06                                                          
    3370   5.51959e+06                                                          
    3390   5.59876e+06                                                          
    3410   5.57329e+06                                                          
    3430   5.61418e+06                                                          
    3450   5.67229e+06                                                          
    3470   5.60929e+06                                                          
    3490   5.66766e+06                                                          
    3510   5.80464e+06                                                          
    3530   5.67707e+06                                                          
    3550   6.04956e+06                                                          
    3570   5.57757e+06                                                          
    3590   5.47289e+06                                                          
    3610   5.58707e+06                                                          
    3630   5.62905e+06                                                          
    3640   5.60070e+06                                                          
    3650   6.04558e+06                                                          
    3670   5.72114e+06                                                          
    3690   5.33713e+06                                                          
    3710   5.96000e+06                                                          
    3730   5.92875e+06                                                          
    3750   6.84599e+06                                                          
    3770   7.26156e+06                                                          
    3790   8.13842e+06                                                          
    3810   9.07798e+06                                                          
    3830   7.48904e+06                                                          
    3850   9.67507e+06                                                          
    3870   1.03528e+07                                                          
    3890   7.56498e+06                                                          
    3910   9.98204e+06                                                          
    3930   6.42533e+06                                                          
    3950   9.01462e+06                                                          
    3970   6.04245e+06                                                          
    3990   1.01740e+07                                                          
    4010   1.09841e+07                                                          
    4030   1.10555e+07                                                          
    4050   1.08910e+07                                                          
    4070   1.06380e+07                                                          
    4090   9.72564e+06                                                          
    4110   8.19863e+06                                                          
    4130   1.05463e+07                                                          
    4150   1.10040e+07                                                          
    4170   1.09173e+07                                                          
    4190   1.08550e+07                                                          
    4210   1.08421e+07                                                          
    4230   1.05522e+07                                                          
    4250   1.06775e+07                                                          
    4270   1.03692e+07                                                          
    4290   1.03757e+07                                                          
    4310   9.65154e+06                                                          
    4330   8.91212e+06                                                          
    4350   7.93300e+06                                                          
    4370   1.03057e+07                                                          
    4390   1.02705e+07                                                          
    4410   1.01721e+07                                                          
    4430   1.00645e+07                                                          
    4450   1.01220e+07                                                          
    4470   1.01733e+07                                                          
    4490   1.00793e+07                                                          
    4510   1.04859e+07                                                          
    4530   9.96343e+06                                                          
    4550   9.93511e+06                                                          
    4570   1.03048e+07                                                          
    4590   9.86971e+06                                                          
    4610   1.00365e+07                                                          
    4630   9.78550e+06                                                          
    4650   9.85901e+06                                                          
    4670   9.91221e+06                                                          
    4690   9.60433e+06                                                          
    4710   9.26996e+06                                                          
    4730   9.66930e+06                                                          
    4750   9.67149e+06                                                          
    4770   9.56315e+06                                                          
    4790   9.48137e+06                                                          
    4810   9.34204e+06                                                          
    4830   9.15278e+06                                                          
    4850   7.92428e+06                                                          
    4870   6.64585e+06                                                          
    4890   8.68432e+06                                                          
    4910   8.87834e+06                                                          
    4930   8.75958e+06                                                          
    4950   8.93804e+06                                                          
    4970   8.98520e+06                                                          
    4990   8.57909e+06                                                          
    5010   8.32775e+06                                                          
    5030   8.60575e+06                                                          
    5050   8.49211e+06                                                          
    5070   8.64404e+06                                                          
    5090   8.49108e+06                                                          
    5110   8.51430e+06                                                          
    5130   8.33503e+06                                                          
    5150   8.14563e+06                                                          
    5170   7.99659e+06                                                          
    5190   7.93998e+06                                                          
    5210   7.99046e+06                                                          
    5230   7.98953e+06                                                          
    5250   8.10367e+06                                                          
    5270   7.59496e+06                                                          
    5290   7.94773e+06                                                          
    5310   7.92200e+06                                                          
    5330   7.60010e+06                                                          
    5350   7.80607e+06                                                          
    5370   7.71934e+06                                                          
    5390   7.65638e+06                                                          
    5410   7.48762e+06                                                          
    5430   7.56067e+06                                                          
    5450   7.60137e+06                                                          
    5470   7.49338e+06                                                          
    5490   7.50454e+06                                                          
    5510   7.44344e+06                                                          
    5530   7.37832e+06                                                          
    5550   7.38208e+06                                                          
    5570   7.24181e+06                                                          
    5590   7.19162e+06                                                          
    5610   7.19302e+06                                                          
    5630   7.19383e+06                                                          
    5650   7.14074e+06                                                          
    5670   7.01995e+06                                                          
    5690   7.04032e+06                                                          
    5710   6.96351e+06                                                          
    5730   7.06144e+06                                                          
    5750   6.93079e+06                                                          
    5770   6.91849e+06                                                          
    5790   6.84717e+06                                                          
    5810   6.82569e+06                                                          
    5830   6.80575e+06                                                          
    5850   6.71724e+06                                                          
    5870   6.67990e+06                                                          
    5890   6.52746e+06                                                          
    5910   6.58601e+06                                                          
    5930   6.54200e+06                                                          
    5950   6.51130e+06                                                          
    5970   6.46775e+06                                                          
    5990   6.40124e+06                                                          
    6010   6.31720e+06                                                          
    6030   6.29582e+06                                                          
    6050   6.29783e+06                                                          
    6070   6.27105e+06                                                          
    6090   6.18757e+06                                                          
    6110   6.12689e+06                                                          
    6130   6.00145e+06                                                          
    6150   5.94409e+06                                                          
    6170   5.91790e+06                                                          
    6190   5.99458e+06                                                          
    6210   5.95417e+06                                                          
    6230   5.86811e+06                                                          
    6250   5.70935e+06                                                          
    6270   5.84259e+06                                                          
    6290   5.80670e+06                                                          
    6310   5.69677e+06                                                          
    6330   5.68028e+06                                                          
    6350   5.63266e+06                                                          
    6370   5.59941e+06                                                          
    6390   5.59231e+06                                                          
    6410   5.48538e+06                                                          
    6430   5.48148e+06                                                          
    6450   5.41179e+06                                                          
    6470   5.40073e+06                                                          
    6490   5.30515e+06                                                          
    6510   5.30146e+06                                                          
    6530   5.19732e+06                                                          
    6550   4.71562e+06                                                          
    6570   3.84797e+06                                                          
    6590   4.97057e+06                                                          
    6610   5.13102e+06                                                          
    6630   5.13693e+06                                                          
    6650   5.11449e+06                                                          
    6670   5.07066e+06                                                          
    6690   5.07173e+06                                                          
    6710   5.02636e+06                                                          
    6730   5.00236e+06                                                          
    6750   4.94565e+06                                                          
    6770   4.94211e+06                                                          
    6790   4.90289e+06                                                          
    6810   4.86664e+06                                                          
    6830   4.83227e+06                                                          
    6850   4.78262e+06                                                          
    6870   4.77540e+06                                                          
    6890   4.74923e+06                                                          
    6910   4.71224e+06                                                          
    6930   4.68208e+06                                                          
    6950   4.65269e+06                                                          
    6970   4.61714e+06                                                          
    6990   4.59640e+06                                                          
    7010   4.51530e+06                                                          
    7030   4.51415e+06                                                          
    7050   4.49775e+06                                                          
    7070   4.46802e+06                                                          
    7090   4.43831e+06                                                          
    7110   4.34221e+06                                                          
    7130   4.34832e+06                                                          
    7150   4.33012e+06                                                          
    7170   4.29387e+06                                                          
    7190   4.24914e+06                                                          
    7210   4.24244e+06                                                          
    7230   4.21258e+06                                                          
    7250   4.19302e+06                                                          
    7270   4.17905e+06                                                          
    7290   4.11509e+06                                                          
    7310   4.10719e+06                                                          
    7330   4.08324e+06                                                          
    7350   4.07481e+06                                                          
    7370   4.05229e+06                                                          
    7390   3.99064e+06                                                          
    7410   3.92414e+06                                                          
    7430   3.92889e+06                                                          
    7450   3.91733e+06                                                          
    7470   3.88864e+06                                                          
    7490   3.86406e+06                                                          
    7510   3.85265e+06                                                          
    7530   3.83686e+06                                                          
    7550   3.82855e+06                                                          
    7570   3.79286e+06                                                          
    7590   3.76749e+06                                                          
    7610   3.74295e+06                                                          
    7630   3.72521e+06                                                          
    7650   3.69551e+06                                                          
    7670   3.63631e+06                                                          
    7690   3.64236e+06                                                          
    7710   3.60654e+06                                                          
    7730   3.60556e+06                                                          
    7750   3.56542e+06                                                          
    7770   3.49683e+06                                                          
    7790   3.54806e+06                                                          
    7810   3.51733e+06                                                          
    7830   3.47533e+06                                                          
    7850   3.44674e+06                                                          
    7870   3.44203e+06                                                          
    7890   3.41766e+06                                                          
    7910   3.39082e+06                                                          
    7930   3.35124e+06                                                          
    7950   3.33572e+06                                                          
    7970   3.35015e+06                                                          
    7990   3.31330e+06                                                          
    8010   3.29061e+06                                                          
    8030   3.27145e+06                                                          
    8050   3.24985e+06                                                          
    8070   3.23984e+06                                                          
    8090   3.20771e+06                                                          
    8110   3.20686e+06                                                          
    8130   3.19183e+06                                                          
    8150   3.16950e+06                                                          
    8170   3.14987e+06                                                          
    8190   3.07712e+06                                                          
    8210   3.07584e+06                                                          
    8230   3.05436e+06                                                          
    8250   3.04433e+06                                                          
    8270   3.05873e+06                                                          
    8290   3.03596e+06                                                          
    8310   3.00035e+06                                                          
    8330   2.95036e+06                                                          
    8350   2.95723e+06                                                          
    8370   2.94140e+06                                                          
    8390   2.89366e+06                                                          
    8410   2.88517e+06                                                          
    8430   2.85581e+06                                                          
    8450   2.80989e+06                                                          
    8470   2.77791e+06                                                          
    8490   2.81325e+06                                                          
    8510   2.65648e+06                                                          
    8530   2.81528e+06                                                          
    8550   2.53556e+06                                                          
    8570   2.82710e+06                                                          
    8590   2.68004e+06                                                          
    8610   2.63056e+06                                                          
    8630   2.79904e+06                                                          
    8650   2.72745e+06                                                          
    8670   2.35913e+06                                                          
    8690   2.68477e+06                                                          
    8710   2.75560e+06                                                          
    8730   2.69217e+06                                                          
    8750   2.35801e+06                                                          
    8770   2.62775e+06                                                          
    8790   2.70428e+06                                                          
    8810   2.68568e+06                                                          
    8830   2.63661e+06                                                          
    8850   2.51034e+06                                                          
    8870   2.25089e+06                                                          
    8890   2.58430e+06                                                          
    8910   2.61727e+06                                                          
    8930   2.59940e+06                                                          
    8950   2.60890e+06                                                          
    8970   2.58088e+06                                                          
    8990   2.52579e+06                                                          
    9010   2.17395e+06                                                          
    9030   2.34949e+06                                                          
    9050   2.50852e+06                                                          
    9070   2.46642e+06                                                          
    9090   2.42394e+06                                                          
    9110   2.47024e+06                                                          
    9130   2.48705e+06                                                          
    9150   2.47762e+06                                                          
    9170   2.45185e+06                                                          
    9190   2.41946e+06                                                          
    9210   2.31538e+06                                                          
    9230   1.96317e+06                                                          
    9250   2.25139e+06                                                          
    9270   2.31858e+06                                                          
    9290   2.37085e+06                                                          
    9310   2.36815e+06                                                          
    9330   2.35181e+06                                                          
    9350   2.34340e+06                                                          
    9370   2.33573e+06                                                          
    9390   2.31287e+06                                                          
    9410   2.22654e+06                                                          
    9430   2.27563e+06                                                          
    9450   2.25889e+06                                                          
    9470   2.25979e+06                                                          
    9490   2.24401e+06                                                          
    9510   2.20435e+06                                                          
    9530   2.11021e+06                                                          
    9550   1.79897e+06                                                          
    9570   2.10387e+06                                                          
    9590   2.16251e+06                                                          
    9610   2.14885e+06                                                          
    9630   2.12454e+06                                                          
    9650   2.13790e+06                                                          
    9670   2.11098e+06                                                          
    9690   2.11083e+06                                                          
    9710   2.12097e+06                                                          
    9730   2.10770e+06                                                          
    9750   2.07926e+06                                                          
    9770   2.08256e+06                                                          
    9790   2.07143e+06                                                          
    9810   2.06025e+06                                                          
    9830   2.04828e+06                                                          
    9850   2.02712e+06                                                          
    9870   2.01435e+06                                                          
    9890   1.99751e+06                                                          
    9910   1.98824e+06                                                          
    9930   1.98498e+06                                                          
    9950   1.97398e+06                                                          
    9970   1.96498e+06                                                          
    9990   1.94799e+06                                                          
   10025   1.84194e+06                                                          
   10075   1.76274e+06                                                          
   10125   1.86633e+06                                                          
   10175   1.85347e+06                                                          
   10225   1.83837e+06                                                          
   10275   1.81757e+06                                                          
   10325   1.78471e+06                                                          
   10375   1.76521e+06                                                          
   10425   1.74148e+06                                                          
   10475   1.70096e+06                                                          
   10525   1.68743e+06                                                          
   10575   1.66873e+06                                                          
   10625   1.64382e+06                                                          
   10675   1.59383e+06                                                          
   10725   1.59183e+06                                                          
   10775   1.57286e+06                                                          
   10825   1.54823e+06                                                          
   10875   1.51983e+06                                                          
   10925   1.35796e+06                                                          
   10975   1.43930e+06                                                          
   11025   1.47856e+06                                                          
   11075   1.46788e+06                                                          
   11125   1.44599e+06                                                          
   11175   1.42722e+06                                                          
   11225   1.41330e+06                                                          
   11275   1.37108e+06                                                          
   11325   1.35638e+06                                                          
   11375   1.35236e+06                                                          
   11425   1.32585e+06                                                          
   11475   1.32716e+06                                                          
   11525   1.31152e+06                                                          
   11575   1.29171e+06                                                          
   11625   1.26030e+06                                                          
   11675   1.23950e+06                                                          
   11725   1.24745e+06                                                          
   11775   1.20660e+06                                                          
   11825   1.20234e+06                                                          
   11875   1.18007e+06                                                          
   11925   1.18968e+06                                                          
   11975   1.15744e+06                                                          
   12025   1.15405e+06                                                          
   12075   1.13571e+06                                                          
   12125   1.12531e+06                                                          
   12175   1.11730e+06                                                          
   12225   1.10224e+06                                                          
   12275   1.08747e+06                                                          
   12325   1.07471e+06                                                          
   12375   1.06323e+06                                                          
   12425   1.05259e+06                                                          
   12475   1.03916e+06                                                          
   12525   1.02492e+06                                                          
   12575   1.00753e+06                                                          
   12625   9.99041e+05                                                          
   12675   9.88711e+05                                                          
   12725   9.76291e+05                                                          
   12775   9.46180e+05                                                          
   12825   8.30550e+05                                                          
   12875   9.28284e+05                                                          
   12925   9.30519e+05                                                          
   12975   9.23788e+05                                                          
   13025   9.13246e+05                                                          
   13075   9.05152e+05                                                          
   13125   8.91656e+05                                                          
   13175   8.78545e+05                                                          
   13225   8.74109e+05                                                          
   13275   8.62909e+05                                                          
   13325   8.54217e+05                                                          
   13375   8.43686e+05                                                          
   13425   8.35351e+05                                                          
   13475   8.25663e+05                                                          
   13525   8.14456e+05                                                          
   13575   8.02741e+05                                                          
   13625   7.97700e+05                                                          
   13675   7.87453e+05                                                          
   13725   7.71540e+05                                                          
   13775   7.68477e+05                                                          
   13825   7.60796e+05                                                          
   13875   7.55821e+05                                                          
   13925   7.43600e+05                                                          
   13975   7.37367e+05                                                          
   14025   7.28583e+05                                                          
   14075   7.22508e+05                                                          
   14125   7.11512e+05                                                          
   14175   7.06501e+05                                                          
   14225   6.95321e+05                                                          
   14275   6.86633e+05                                                          
   14325   6.82959e+05                                                          
   14375   6.77346e+05                                                          
   14425   6.53179e+05                                                          
   14475   6.61151e+05                                                          
   14525   6.45808e+05                                                          
   14570   6.46287e+05                                                          
   14620   6.38172e+05                                                          
   14675   6.33118e+05                                                          
   14725   6.23296e+05                                                          
   14775   6.14635e+05                                                          
   14825   6.10550e+05                                                          
   14875   6.00274e+05                                                          
   14925   6.01589e+05                                                          
   14975   5.91589e+05                                                          
   15025   5.82506e+05                                                          
   15075   5.74057e+05                                                          
   15125   5.72784e+05                                                          
   15175   5.66360e+05                                                          
   15225   5.58042e+05                                                          
   15275   5.52390e+05                                                          
   15325   5.44758e+05                                                          
   15375   5.40967e+05                                                          
   15425   5.28948e+05                                                          
   15475   5.28890e+05                                                          
   15525   5.23101e+05                                                          
   15575   5.08922e+05                                                          
   15625   5.19668e+05                                                          
   15675   5.02059e+05                                                          
   15725   4.91015e+05                                                          
   15775   4.99665e+05                                                          
   15825   4.96082e+05                                                          
   15875   4.61314e+05                                                          
   15925   4.81265e+05                                                          
   15975   4.88642e+05                                                          
   16050   4.72308e+05                                                          
   16150   4.48864e+05                                                          
   16250   4.63297e+05                                                          
   16350   4.42130e+05                                                          
   16450   4.17898e+05                                                          
   16550   4.35489e+05                                                          
   16650   4.27345e+05                                                          
   16750   4.05845e+05                                                          
   16850   3.81588e+05                                                          
   16950   4.01316e+05                                                          
   17050   3.91899e+05                                                          
   17150   3.85674e+05                                                          
   17250   3.72507e+05                                                          
   17350   3.35527e+05                                                          
   17450   3.53742e+05                                                          
   17550   3.52830e+05                                                          
   17650   3.45902e+05                                                          
   17750   3.40139e+05                                                          
   17850   3.33264e+05                                                          
   17950   3.27804e+05                                                          
   18050   3.18219e+05                                                          
   18150   2.88109e+05                                                          
   18250   3.00413e+05                                                          
   18350   3.01514e+05                                                          
   18450   2.95697e+05                                                          
   18550   2.89534e+05                                                          
   18650   2.82083e+05                                                          
   18750   2.52804e+05                                                          
   18850   2.70243e+05                                                          
   18950   2.65522e+05                                                          
   19050   2.64473e+05                                                          
   19150   2.59096e+05                                                          
   19250   2.53861e+05                                                          
   19350   2.46571e+05                                                          
   19450   2.21805e+05                                                          
   19550   2.37840e+05                                                          
   19650   2.35568e+05                                                          
   19750   2.30991e+05                                                          
   19850   2.27561e+05                                                          
   19950   2.23463e+05                                                          
   20050   2.19703e+05                                                          
   20150   2.16031e+05                                                          
   20250   2.11574e+05                                                          
   20350   2.07285e+05                                                          
   20450   2.04666e+05                                                          
   20550   2.00922e+05                                                          
   20650   1.96705e+05                                                          
   20750   1.93594e+05                                                          
   20850   1.90335e+05                                                          
   20950   1.86705e+05                                                          
   21050   1.83682e+05                                                          
   21150   1.80086e+05                                                          
   21250   1.76985e+05                                                          
   21350   1.74087e+05                                                          
   21450   1.71425e+05                                                          
   21550   1.67258e+05                                                          
   21650   1.50494e+05                                                          
   21750   1.60482e+05                                                          
   21850   1.59627e+05                                                          
   21950   1.57798e+05                                                          
   22050   1.54537e+05                                                          
   22150   1.52035e+05                                                          
   22250   1.50040e+05                                                          
   22350   1.47555e+05                                                          
   22450   1.45106e+05                                                          
   22550   1.42126e+05                                                          
   22650   1.40224e+05                                                          
   22750   1.38061e+05                                                          
   22850   1.35982e+05                                                          
   22950   1.34788e+05                                                          
   23050   1.32919e+05                                                          
   23150   1.30426e+05                                                          
   23250   1.28300e+05                                                          
   23350   1.25945e+05                                                          
   23450   1.23966e+05                                                          
   23550   1.21832e+05                                                          
   23650   1.19886e+05                                                          
   23750   1.17708e+05                                                          
   23850   1.15747e+05                                                          
   23950   1.13994e+05                                                          
   24050   1.12102e+05                                                          
   24150   1.10249e+05                                                          
   24250   1.08628e+05                                                          
   24350   1.06772e+05                                                          
   24450   1.05131e+05                                                          
   24550   1.03498e+05                                                          
   24650   1.01947e+05                                                          
   24750   1.00399e+05                                                          
   24850   9.89847e+04                                                          
   24950   9.67076e+04                                                          
   25050   9.72040e+04                                                          
   25150   9.52079e+04                                                          
   25250   9.22678e+04                                                          
   25350   9.21851e+04                                                          
   25450   9.12269e+04                                                          
   25550   8.92761e+04                                                          
   25650   8.61499e+04                                                          
   25750   8.70121e+04                                                          
   25850   8.58485e+04                                                          
   25950   8.48890e+04                                                          
   26050   8.27276e+04                                                          
   26150   7.93131e+04                                                          
   26250   7.40216e+04                                                          
   26350   7.91447e+04                                                          
   26450   7.89039e+04                                                          
   26550   7.78462e+04                                                          
   26650   7.60171e+04                                                          
   26750   7.23830e+04                                                          
   26850   7.42451e+04                                                          
   26950   7.38668e+04                                                          
   27050   7.29529e+04                                                          
   27150   7.19757e+04                                                          
   27250   7.09687e+04                                                          
   27350   6.99521e+04                                                          
   27450   6.86700e+04                                                          
   27550   6.45749e+04                                                          
   27650   6.55830e+04                                                          
   27750   6.60331e+04                                                          
   27850   6.53680e+04                                                          
   27950   6.45527e+04                                                          
   28050   6.36817e+04                                                          
   28150   6.28351e+04                                                          
   28250   6.19913e+04                                                          
   28350   6.11982e+04                                                          
   28450   6.02354e+04                                                          
   28550   5.93684e+04                                                          
   28650   5.76909e+04                                                          
   28750   5.41290e+04                                                          
   28850   5.67527e+04                                                          
   28950   5.63956e+04                                                          
   29050   5.57749e+04                                                          
   29150   5.49315e+04                                                          
   29250   5.42930e+04                                                          
   29350   5.36452e+04                                                          
   29450   5.29290e+04                                                          
   29550   5.22816e+04                                                          
   29650   5.16226e+04                                                          
   29750   5.09550e+04                                                          
   29850   5.03208e+04                                                          
   29950   4.96484e+04                                                          
   30050   4.90091e+04                                                          
   30150   4.83574e+04                                                          
   30250   4.75389e+04                                                          
   30350   4.44259e+04                                                          
   30450   4.49791e+04                                                          
   30550   4.58415e+04                                                          
   30650   4.54280e+04                                                          
   30750   4.49288e+04                                                          
   30850   4.42764e+04                                                          
   30950   4.37704e+04                                                          
   31050   4.32538e+04                                                          
   31150   4.25589e+04                                                          
   31250   4.21703e+04                                                          
   31350   4.16869e+04                                                          
   31450   4.11689e+04                                                          
   31550   4.06758e+04                                                          
   31650   4.02468e+04                                                          
   31750   3.97105e+04                                                          
   31850   3.92949e+04                                                          
   31950   3.88320e+04                                                          
   32100   3.81231e+04                                                          
   32300   3.72513e+04                                                          
   32500   3.63673e+04                                                          
   32700   3.54674e+04                                                          
   32900   3.30012e+04                                                          
   33100   3.35449e+04                                                          
   33300   3.31648e+04                                                          
   33500   3.24655e+04                                                          
   33700   3.16336e+04                                                          
   33900   3.09056e+04                                                          
   34100   3.01914e+04                                                          
   34300   2.95601e+04                                                          
   34500   2.89493e+04                                                          
   34700   2.82810e+04                                                          
   34900   2.76654e+04                                                          
   35100   2.70609e+04                                                          
   35300   2.64597e+04                                                          
   35500   2.58912e+04                                                          
   35700   2.53046e+04                                                          
   35900   2.47890e+04                                                          
   36100   2.42409e+04                                                          
   36300   2.37734e+04                                                          
   36500   2.31940e+04                                                          
   36700   2.27781e+04                                                          
   36900   2.21302e+04                                                          
   37100   2.17686e+04                                                          
   37300   2.08971e+04                                                          
   37500   2.01461e+04                                                          
   37700   2.04990e+04                                                          
   37900   2.01346e+04                                                          
   38100   1.95942e+04                                                          
   38300   1.92519e+04                                                          
   38500   1.90087e+04                                                          
   38700   1.85998e+04                                                          
   38900   1.81737e+04                                                          
   39100   1.76313e+04                                                          
   39300   1.75307e+04                                                          
   39500   1.72076e+04                                                          
   39700   1.68871e+04                                                          
   39900   1.65035e+04                                                          
   40100   1.60336e+04                                                          
   40300   1.56851e+04                                                          
   40500   1.49610e+04                                                          
   40700   1.52733e+04                                                          
   40900   1.50218e+04                                                          
   41100   1.47723e+04                                                          
   41300   1.44974e+04                                                          
   41500   1.41721e+04                                                          
   41700   1.36034e+04                                                          
   41900   1.36419e+04                                                          
   42100   1.34138e+04                                                          
   42300   1.32189e+04                                                          
   42500   1.29686e+04                                                          
   42700   1.27435e+04                                                          
   42900   1.25155e+04                                                          
   43100   1.22899e+04                                                          
   43300   1.20628e+04                                                          
   43500   1.18317e+04                                                          
   43700   1.13111e+04                                                          
   43900   1.13290e+04                                                          
   44100   1.12160e+04                                                          
   44300   1.10361e+04                                                          
   44500   1.08463e+04                                                          
   44700   1.06792e+04                                                          
   44900   1.04951e+04                                                          
   45100   1.03185e+04                                                          
   45300   1.01405e+04                                                          
   45500   9.96871e+03                                                          
   45700   9.79494e+03                                                          
   45900   9.62667e+03                                                          
   46100   9.47053e+03                                                          
   46300   9.28652e+03                                                          
   46500   8.73208e+03                                                          
   46700   8.64040e+03                                                          
   46900   8.80020e+03                                                          
   47100   8.70670e+03                                                          
   47300   8.56998e+03                                                          
   47500   8.42515e+03                                                          
   47700   8.28982e+03                                                          
   47900   8.16011e+03                                                          
   48100   8.02657e+03                                                          
   48300   7.89804e+03                                                          
   48500   7.77084e+03                                                          
   48700   7.64748e+03                                                          
   48900   7.52638e+03                                                          
   49100   7.40351e+03                                                          
   49300   7.28978e+03                                                          
   49500   7.17373e+03                                                          
   49700   7.06319e+03                                                          
   49900   6.95275e+03                                                          
   50100   6.84480e+03                                                          
   50300   6.73881e+03                                                          
   50500   6.63570e+03                                                          
   50700   6.53493e+03                                                          
   50900   6.43184e+03                                                          
   51100   6.30030e+03                                                          
   51300   5.98835e+03                                                          
   51500   6.12505e+03                                                          
   51700   6.05307e+03                                                          
   51900   5.96377e+03                                                          
   52100   5.87213e+03                                                          
   52300   5.78522e+03                                                          
   52500   5.70120e+03                                                          
   52700   5.61699e+03                                                          
   52900   5.53431e+03                                                          
   53100   5.45273e+03                                                          
   53300   5.37347e+03                                                          
   53500   5.29482e+03                                                          
   53700   5.21554e+03                                                          
   53900   5.14182e+03                                                          
   54100   5.06904e+03                                                          
   54300   4.99354e+03                                                          
   54500   4.92385e+03                                                          
   54700   4.84864e+03                                                          
   54900   4.78433e+03                                                          
   55100   4.71767e+03                                                          
   55300   4.64988e+03                                                          
   55500   4.58567e+03                                                          
   55700   4.52033e+03                                                          
   55900   4.45236e+03                                                          
   56100   4.39552e+03                                                          
   56300   4.33446e+03                                                          
   56500   4.27603e+03                                                          
   56700   4.21682e+03                                                          
   56900   4.15871e+03                                                          
   57100   4.10241e+03                                                          
   57300   4.04643e+03                                                          
   57500   3.99149e+03                                                          
   57700   3.93685e+03                                                          
   57900   3.88288e+03                                                          
   58100   3.83168e+03                                                          
   58300   3.78109e+03                                                          
   58500   3.73320e+03                                                          
   58700   3.68101e+03                                                          
   58900   3.60835e+03                                                          
   59100   3.44252e+03                                                          
   59300   3.52642e+03                                                          
   59500   3.48480e+03                                                          
   59700   3.44669e+03                                                          
   59900   3.40165e+03                                                          
   60100   3.35581e+03                                                          
   60300   3.31446e+03                                                          
   60500   3.27171e+03                                                          
   60700   3.22870e+03                                                          
   60900   3.18616e+03                                                          
   61100   3.14256e+03                                                          
   61300   3.10652e+03                                                          
   61500   3.06738e+03                                                          
   61700   3.02841e+03                                                          
   61900   2.98981e+03                                                          
   62100   2.95264e+03                                                          
   62300   2.91187e+03                                                          
   62500   2.87792e+03                                                          
   62700   2.84147e+03                                                          
   62900   2.80760e+03                                                          
   63100   2.77029e+03                                                          
   63300   2.73809e+03                                                          
   63500   2.70430e+03                                                          
   63700   2.67121e+03                                                          
   63900   2.63824e+03                                                          
   64200   2.59075e+03                                                          
   64600   2.52756e+03                                                          
   65000   2.46649e+03                                                          
   65400   2.40874e+03                                                          
   65800   2.35159e+03                                                          
   66200   2.29584e+03                                                          
   66600   2.24239e+03                                                          
   67000   2.18997e+03                                                          
   67400   2.13890e+03                                                          
   67800   2.09008e+03                                                          
   68200   2.04217e+03                                                          
   68600   1.99559e+03                                                          
   69000   1.95001e+03                                                          
   69400   1.90605e+03                                                          
   69800   1.86367e+03                                                          
   70200   1.82181e+03                                                          
   70600   1.78171e+03                                                          
   71000   1.74319e+03                                                          
   71400   1.70475e+03                                                          
   71800   1.66752e+03                                                          
   72200   1.63044e+03                                                          
   72600   1.59608e+03                                                          
   73000   1.56248e+03                                                          
   73400   1.52880e+03                                                          
   73800   1.49675e+03                                                          
   74200   1.46402e+03                                                          
   74600   1.40438e+03                                                          
   75000   1.37405e+03                                                          
   75400   1.37391e+03                                                          
   75800   1.34691e+03                                                          
   76200   1.31946e+03                                                          
   76600   1.29256e+03                                                          
   77000   1.26612e+03                                                          
   77400   1.24075e+03                                                          
   77800   1.21582e+03                                                          
   78200   1.19153e+03                                                          
   78600   1.16779e+03                                                          
   79000   1.14466e+03                                                          
   79400   1.12205e+03                                                          
   79800   1.10005e+03                                                          
   80200   1.07839e+03                                                          
   80600   1.05745e+03                                                          
   81000   1.03720e+03                                                          
   81400   1.01693e+03                                                          
   81800   9.97546e+02                                                          
   82200   9.78721e+02                                                          
   82600   9.60108e+02                                                          
   83000   9.41999e+02                                                          
   83400   9.23899e+02                                                          
   83800   9.06562e+02                                                          
   84200   8.89934e+02                                                          
   84600   8.73630e+02                                                          
   85000   8.57593e+02                                                          
   85400   8.41768e+02                                                          
   85800   8.26380e+02                                                          
   86200   8.11288e+02                                                          
   86600   7.96743e+02                                                          
   87000   7.82399e+02                                                          
   87400   7.68300e+02                                                          
   87800   7.54626e+02                                                          
   88200   7.40984e+02                                                          
   88600   7.27953e+02                                                          
   89000   7.15081e+02                                                          
   89400   7.02620e+02                                                          
   89800   6.90159e+02                                                          
   90200   6.78288e+02                                                          
   90600   6.66644e+02                                                          
   91000   6.54946e+02                                                          
   91400   6.43757e+02                                                          
   91800   6.32851e+02                                                          
   92200   6.22110e+02                                                          
   92600   6.11545e+02                                                          
   93000   6.01235e+02                                                          
   93400   5.91093e+02                                                          
   93800   5.81196e+02                                                          
   94200   5.71514e+02                                                          
   94600   5.62028e+02                                                          
   95000   5.52708e+02                                                          
   95400   5.43497e+02                                                          
   95800   5.34735e+02                                                          
   96200   5.25930e+02                                                          
   96600   5.17446e+02                                                          
   97000   5.09058e+02                                                          
   97400   5.00689e+02                                                          
   97800   4.92727e+02                                                          
   98200   4.84842e+02                                                          
   98600   4.77154e+02                                                          
   99000   4.69611e+02                                                          
   99400   4.62137e+02                                                          
   99800   4.54840e+02                                                          
  100200   4.47704e+02                                                          
  200000   2.87552e+01                                                          
  400000   1.79471e+00                                                          
  600000   3.51923e-01                                                          
  800000   1.10573e-01                                                          
 1000000   4.50084e-02                                                          
 1200000   2.15876e-02                                                          
 1400000   1.15965e-02                                                          
 1600000   6.76828e-03                                                          
