      91   1.00000e-21
      94   1.00000e-21                                                          
      96   1.00000e-21                                                          
      98   1.00000e-21                                                          
     100   1.00000e-21                                                          
     102   1.00000e-21                                                          
     104   1.00000e-21                                                          
     106   1.00000e-21                                                          
     108   1.00000e-21                                                          
     110   1.00000e-21                                                          
     114   1.00000e-21                                                          
     118   1.00000e-21                                                          
     121   1.00000e-21                                                          
     125   1.00000e-21                                                          
     127   1.00000e-21                                                          
     128   1.00000e-21                                                          
     130   1.00000e-21                                                          
     132   1.00000e-21                                                          
     134   1.00000e-21                                                          
     137   1.00000e-21                                                          
     140   1.00000e-21                                                          
     143   1.00000e-21                                                          
     147   1.00000e-21                                                          
     151   1.00000e-21                                                          
     155   1.00000e-21                                                          
     159   1.00000e-21                                                          
     162   1.00000e-21                                                          
     166   1.00000e-21                                                          
     170   1.00000e-21                                                          
     173   1.00000e-21                                                          
     177   1.00000e-21                                                          
     180   1.00000e-21                                                          
     182   1.00000e-21                                                          
     186   1.00000e-21                                                          
     191   1.00000e-21                                                          
     194   1.00000e-21                                                          
     198   1.00000e-21                                                          
     202   1.00000e-21                                                          
     205   1.00000e-21                                                          
     210   1.00000e-21                                                          
     216   1.00000e-21                                                          
     220   1.00000e-21                                                          
     223   1.00000e-21                                                          
     227   1.00000e-21                                                          
     230   1.00000e-21                                                          
     234   1.00000e-21                                                          
     240   1.00000e-21                                                          
     246   1.00000e-21                                                          
     252   1.00000e-21                                                          
     257   1.00000e-21                                                          
     260   1.00000e-21                                                          
     264   1.00000e-21                                                          
     268   1.00000e-21                                                          
     274   1.00000e-21                                                          
     278   1.00000e-21                                                          
     284   1.00000e-21                                                          
     290   1.00000e-21                                                          
     296   1.00000e-21                                                          
     301   1.00000e-21                                                          
     308   1.00000e-21                                                          
     318   1.00000e-21                                                          
     328   1.00000e-21                                                          
     338   1.00000e-21                                                          
     348   1.00000e-21                                                          
     357   1.00000e-21                                                          
     366   1.00000e-21                                                          
     375   1.00000e-21                                                          
     385   1.00000e-21                                                          
     395   1.00000e-21                                                          
     405   1.00000e-21                                                          
     414   1.00000e-21                                                          
     422   1.00000e-21                                                          
     430   1.00000e-21                                                          
     441   1.00000e-21                                                          
     451   1.00000e-21                                                          
     460   1.00000e-21                                                          
     470   1.00000e-21                                                          
     480   1.00000e-21                                                          
     490   1.00000e-21                                                          
     500   1.00000e-21                                                          
     506   1.24720e-14                                                          
     512   2.49231e-14                                                          
     520   5.34172e-14                                                          
     530   1.33595e-13                                                          
     540   3.18561e-13                                                          
     550   7.38609e-13                                                          
     560   1.65295e-12                                                          
     570   3.58529e-12                                                          
     580   7.50337e-12                                                          
     590   1.54666e-11                                                          
     600   3.08487e-11                                                          
     610   6.00681e-11                                                          
     620   1.14127e-10                                                          
     630   2.11989e-10                                                          
     640   3.85485e-10                                                          
     650   6.87174e-10                                                          
     658   1.07566e-09                                                          
     665   1.57453e-09                                                          
     675   2.67719e-09                                                          
     685   4.47671e-09                                                          
     695   7.35701e-09                                                          
     705   1.18531e-08                                                          
     716   1.98391e-08                                                          
     726   3.11034e-08                                                          
     735   4.60778e-08                                                          
     745   7.03719e-08                                                          
     755   1.06181e-07                                                          
     765   1.58326e-07                                                          
     775   2.33215e-07                                                          
     785   3.39985e-07                                                          
     795   4.84791e-07                                                          
     805   6.95510e-07                                                          
     815   9.85514e-07                                                          
     825   1.37861e-06                                                          
     835   1.91049e-06                                                          
     845   2.62397e-06                                                          
     855   3.57360e-06                                                          
     865   4.82521e-06                                                          
     875   6.44392e-06                                                          
     885   8.59036e-06                                                          
     895   1.13364e-05                                                          
     905   1.48069e-05                                                          
     915   1.40731e-02                                                          
     925   3.26090e-02                                                          
     935   4.31055e-02                                                          
     945   5.77613e-02                                                          
     955   7.91878e-02                                                          
     965   1.02626e-01                                                          
     975   1.30687e-01                                                          
     985   1.69106e-01                                                          
     995   2.12405e-01                                                          
    1005   2.82617e-01                                                          
    1015   3.58695e-01                                                          
    1025   4.17873e-01                                                          
    1035   5.63883e-01                                                          
    1045   7.07417e-01                                                          
    1055   8.78714e-01                                                          
    1065   1.07196e+00                                                          
    1075   1.33000e+00                                                          
    1085   1.63309e+00                                                          
    1095   1.96804e+00                                                          
    1105   8.89607e+00                                                          
    1115   1.66349e+01                                                          
    1125   2.28431e+01                                                          
    1135   2.93122e+01                                                          
    1145   3.65150e+01                                                          
    1155   3.90667e+01                                                          
    1165   5.17740e+01                                                          
    1175   6.05810e+01                                                          
    1185   6.11846e+01                                                          
    1195   3.98566e+01                                                          
    1205   4.16275e+01                                                          
    1215   1.47266e+01                                                          
    1225   5.14893e+01                                                          
    1235   1.08122e+02                                                          
    1245   2.84640e+02                                                          
    1255   4.64532e+02                                                          
    1265   4.67056e+02                                                          
    1275   7.14467e+02                                                          
    1285   9.96606e+02                                                          
    1295   1.20687e+03                                                          
    1305   1.05755e+03                                                          
    1315   1.60324e+03                                                          
    1325   1.88145e+03                                                          
    1335   2.11497e+03                                                          
    1345   2.61620e+03                                                          
    1355   2.72337e+03                                                          
    1365   3.06900e+03                                                          
    1375   3.31781e+03                                                          
    1385   3.49613e+03                                                          
    1395   4.04927e+03                                                          
    1405   4.53158e+03                                                          
    1415   4.78746e+03                                                          
    1425   5.35250e+03                                                          
    1435   5.52711e+03                                                          
    1442   6.58246e+03                                                          
    1447   7.04448e+03                                                          
    1455   7.78460e+03                                                          
    1465   7.86363e+03                                                          
    1475   8.64698e+03                                                          
    1485   9.70929e+03                                                          
    1495   1.11615e+04                                                          
    1505   1.24733e+04                                                          
    1512   1.25931e+04                                                          
    1517   1.30433e+04                                                          
    1525   2.14632e+04                                                          
    1535   2.87666e+04                                                          
    1545   3.83464e+04                                                          
    1555   3.86493e+04                                                          
    1565   3.71439e+04                                                          
    1575   6.93071e+04                                                          
    1585   8.88557e+04                                                          
    1595   1.12464e+05                                                          
    1605   1.02119e+05                                                          
    1615   1.00656e+05                                                          
    1625   7.73327e+04                                                          
    1635   1.00407e+05                                                          
    1645   1.59352e+05                                                          
    1655   8.08239e+04                                                          
    1665   1.65119e+05                                                          
    1672   8.41560e+04                                                          
    1677   9.05754e+05                                                          
    1685   9.45407e+05                                                          
    1695   6.75294e+05                                                          
    1705   7.64335e+05                                                          
    1715   1.13336e+06                                                          
    1725   1.22878e+06                                                          
    1735   1.51383e+06                                                          
    1745   1.39819e+06                                                          
    1755   1.76191e+06                                                          
    1765   1.23527e+06                                                          
    1775   1.66012e+06                                                          
    1785   1.62072e+06                                                          
    1795   2.26612e+06                                                          
    1805   1.96301e+06                                                          
    1815   2.16575e+06                                                          
    1825   1.95054e+06                                                          
    1835   1.75939e+06                                                          
    1845   1.46929e+06                                                          
    1855   1.85896e+06                                                          
    1865   2.28693e+06                                                          
    1875   2.08844e+06                                                          
    1885   2.19428e+06                                                          
    1895   2.48672e+06                                                          
    1905   2.29767e+06                                                          
    1915   2.49855e+06                                                          
    1925   2.28532e+06                                                          
    1935   1.38851e+06                                                          
    1945   2.72067e+06                                                          
    1955   2.80856e+06                                                          
    1967   3.23697e+06                                                          
    1976   3.09423e+06                                                          
    1984   3.12842e+06                                                          
    1995   3.06690e+06                                                          
    2005   2.78337e+06                                                          
    2015   2.76382e+06                                                          
    2025   2.50439e+06                                                          
    2035   3.03352e+06                                                          
    2045   3.37526e+06                                                          
    2055   3.23430e+06                                                          
    2065   3.02983e+06                                                          
    2074   3.70890e+06                                                          
    2078   4.18813e+06                                                          
    2085   4.07454e+06                                                          
    2095   3.81579e+06                                                          
    2105   3.40967e+06                                                          
    2115   3.57749e+06                                                          
    2125   3.61719e+06                                                          
    2135   2.91806e+06                                                          
    2145   3.58498e+06                                                          
    2155   3.60240e+06                                                          
    2165   3.27421e+06                                                          
    2175   3.29437e+06                                                          
    2185   3.59307e+06                                                          
    2195   3.92926e+06                                                          
    2205   3.67864e+06                                                          
    2215   3.14542e+06                                                          
    2225   3.11478e+06                                                          
    2235   3.89815e+06                                                          
    2245   3.54753e+06                                                          
    2255   3.06429e+06                                                          
    2265   3.09036e+06                                                          
    2275   3.42632e+06                                                          
    2285   3.81026e+06                                                          
    2295   3.35160e+06                                                          
    2305   3.66159e+06                                                          
    2315   3.42551e+06                                                          
    2325   2.24965e+06                                                          
    2335   2.58937e+06                                                          
    2345   1.93993e+06                                                          
    2355   3.20462e+06                                                          
    2365   2.07097e+06                                                          
    2375   2.68529e+06                                                          
    2385   1.63351e+06                                                          
    2395   2.09708e+06                                                          
    2405   2.07107e+06                                                          
    2415   2.27097e+06                                                          
    2425   3.25454e+06                                                          
    2435   3.14919e+06                                                          
    2445   3.55397e+06                                                          
    2455   3.56506e+06                                                          
    2465   3.54310e+06                                                          
    2475   3.15609e+06                                                          
    2485   3.06569e+06                                                          
    2495   2.91440e+06                                                          
    2505   3.97932e+06                                                          
    2513   2.57639e+06                                                          
    2518   2.12643e+06                                                          
    2525   2.13309e+06                                                          
    2535   2.37400e+06                                                          
    2545   2.52423e+06                                                          
    2555   3.19171e+06                                                          
    2565   2.87270e+06                                                          
    2575   3.36134e+06                                                          
    2585   3.29195e+06                                                          
    2595   3.12916e+06                                                          
    2605   2.84577e+06                                                          
    2615   2.55293e+06                                                          
    2625   3.43568e+06                                                          
    2635   3.89066e+06                                                          
    2645   4.99824e+06                                                          
    2655   5.38221e+06                                                          
    2665   4.23613e+06                                                          
    2675   4.80079e+06                                                          
    2685   4.83063e+06                                                          
    2695   4.25379e+06                                                          
    2705   4.67391e+06                                                          
    2715   4.05974e+06                                                          
    2725   4.13336e+06                                                          
    2735   4.59262e+06                                                          
    2745   2.94213e+06                                                          
    2755   3.42655e+06                                                          
    2765   3.84884e+06                                                          
    2775   4.36852e+06                                                          
    2785   3.29175e+06                                                          
    2795   1.29325e+06                                                          
    2805   1.67088e+06                                                          
    2815   4.27128e+06                                                          
    2825   5.28059e+06                                                          
    2835   5.10614e+06                                                          
    2845   4.87148e+06                                                          
    2855   4.27145e+06                                                          
    2865   5.36398e+06                                                          
    2875   5.32789e+06                                                          
    2885   5.28886e+06                                                          
    2895   5.07796e+06                                                          
    2910   6.08627e+06                                                          
    2930   5.69392e+06                                                          
    2950   5.60720e+06                                                          
    2970   5.93379e+06                                                          
    2990   6.06003e+06                                                          
    3010   6.28710e+06                                                          
    3030   6.19772e+06                                                          
    3050   6.27461e+06                                                          
    3070   6.40892e+06                                                          
    3090   6.57791e+06                                                          
    3110   6.37716e+06                                                          
    3130   6.34709e+06                                                          
    3150   6.51075e+06                                                          
    3170   6.47229e+06                                                          
    3190   5.96562e+06                                                          
    3210   6.34912e+06                                                          
    3230   5.91200e+06                                                          
    3250   6.31822e+06                                                          
    3270   6.62819e+06                                                          
    3290   6.60823e+06                                                          
    3310   6.82621e+06                                                          
    3330   6.68888e+06                                                          
    3350   6.63478e+06                                                          
    3370   6.49429e+06                                                          
    3390   6.55228e+06                                                          
    3410   6.53092e+06                                                          
    3430   6.58178e+06                                                          
    3450   6.60412e+06                                                          
    3470   6.52871e+06                                                          
    3490   6.56811e+06                                                          
    3510   6.72698e+06                                                          
    3530   6.61363e+06                                                          
    3550   6.95324e+06                                                          
    3570   6.49410e+06                                                          
    3590   6.39096e+06                                                          
    3610   6.48441e+06                                                          
    3630   6.54002e+06                                                          
    3640   6.49083e+06                                                          
    3650   6.94272e+06                                                          
    3670   6.57202e+06                                                          
    3690   6.09154e+06                                                          
    3710   6.82635e+06                                                          
    3730   6.84944e+06                                                          
    3750   8.03344e+06                                                          
    3770   8.48360e+06                                                          
    3790   9.65324e+06                                                          
    3810   1.08557e+07                                                          
    3830   8.95317e+06                                                          
    3850   1.16920e+07                                                          
    3870   1.26443e+07                                                          
    3890   8.79639e+06                                                          
    3910   1.22669e+07                                                          
    3930   8.23547e+06                                                          
    3950   1.12396e+07                                                          
    3970   7.29801e+06                                                          
    3990   1.23856e+07                                                          
    4010   1.35711e+07                                                          
    4030   1.36531e+07                                                          
    4050   1.34630e+07                                                          
    4070   1.30357e+07                                                          
    4090   1.14791e+07                                                          
    4110   9.46580e+06                                                          
    4130   1.27595e+07                                                          
    4150   1.34083e+07                                                          
    4170   1.33386e+07                                                          
    4190   1.32443e+07                                                          
    4210   1.32331e+07                                                          
    4230   1.28724e+07                                                          
    4250   1.29892e+07                                                          
    4270   1.25784e+07                                                          
    4290   1.26504e+07                                                          
    4310   1.17115e+07                                                          
    4330   1.03231e+07                                                          
    4350   9.10032e+06                                                          
    4370   1.22398e+07                                                          
    4390   1.23625e+07                                                          
    4410   1.22204e+07                                                          
    4430   1.20816e+07                                                          
    4450   1.21918e+07                                                          
    4470   1.22006e+07                                                          
    4490   1.20743e+07                                                          
    4510   1.24875e+07                                                          
    4530   1.19322e+07                                                          
    4550   1.18443e+07                                                          
    4570   1.22381e+07                                                          
    4590   1.17577e+07                                                          
    4610   1.19375e+07                                                          
    4630   1.16265e+07                                                          
    4650   1.17014e+07                                                          
    4670   1.17289e+07                                                          
    4690   1.13391e+07                                                          
    4710   1.09468e+07                                                          
    4730   1.14086e+07                                                          
    4750   1.13914e+07                                                          
    4770   1.12492e+07                                                          
    4790   1.11366e+07                                                          
    4810   1.09390e+07                                                          
    4830   1.06178e+07                                                          
    4850   8.99078e+06                                                          
    4870   7.46748e+06                                                          
    4890   1.00459e+07                                                          
    4910   1.03726e+07                                                          
    4930   1.02496e+07                                                          
    4950   1.04430e+07                                                          
    4970   1.04931e+07                                                          
    4990   1.00629e+07                                                          
    5010   9.76961e+06                                                          
    5030   1.00570e+07                                                          
    5050   9.90088e+06                                                          
    5070   1.00566e+07                                                          
    5090   9.89723e+06                                                          
    5110   9.90625e+06                                                          
    5130   9.70613e+06                                                          
    5150   9.48847e+06                                                          
    5170   9.31649e+06                                                          
    5190   9.24839e+06                                                          
    5210   9.28134e+06                                                          
    5230   9.24776e+06                                                          
    5250   9.38104e+06                                                          
    5270   8.83243e+06                                                          
    5290   9.18786e+06                                                          
    5310   9.12601e+06                                                          
    5330   8.79510e+06                                                          
    5350   9.00304e+06                                                          
    5370   8.88912e+06                                                          
    5390   8.81791e+06                                                          
    5410   8.63155e+06                                                          
    5430   8.69172e+06                                                          
    5450   8.72454e+06                                                          
    5470   8.60635e+06                                                          
    5490   8.61140e+06                                                          
    5510   8.54070e+06                                                          
    5530   8.44923e+06                                                          
    5550   8.44957e+06                                                          
    5570   8.29314e+06                                                          
    5590   8.23698e+06                                                          
    5610   8.22369e+06                                                          
    5630   8.21531e+06                                                          
    5650   8.15049e+06                                                          
    5670   8.01700e+06                                                          
    5690   8.02815e+06                                                          
    5710   7.94405e+06                                                          
    5730   8.01981e+06                                                          
    5750   7.88106e+06                                                          
    5770   7.85822e+06                                                          
    5790   7.77827e+06                                                          
    5810   7.74257e+06                                                          
    5830   7.70895e+06                                                          
    5850   7.61673e+06                                                          
    5870   7.56631e+06                                                          
    5890   7.40198e+06                                                          
    5910   7.45290e+06                                                          
    5930   7.40135e+06                                                          
    5950   7.35642e+06                                                          
    5970   7.30621e+06                                                          
    5990   7.22675e+06                                                          
    6010   7.13358e+06                                                          
    6030   7.10679e+06                                                          
    6050   7.09362e+06                                                          
    6070   7.06290e+06                                                          
    6090   6.97261e+06                                                          
    6110   6.90520e+06                                                          
    6130   6.77341e+06                                                          
    6150   6.69233e+06                                                          
    6170   6.67516e+06                                                          
    6190   6.73913e+06                                                          
    6210   6.68926e+06                                                          
    6230   6.59510e+06                                                          
    6250   6.42586e+06                                                          
    6270   6.55423e+06                                                          
    6290   6.50958e+06                                                          
    6310   6.39429e+06                                                          
    6330   6.37041e+06                                                          
    6350   6.30209e+06                                                          
    6370   6.26820e+06                                                          
    6390   6.25457e+06                                                          
    6410   6.14147e+06                                                          
    6430   6.12972e+06                                                          
    6450   6.04334e+06                                                          
    6470   6.03525e+06                                                          
    6490   5.92551e+06                                                          
    6510   5.90529e+06                                                          
    6530   5.76793e+06                                                          
    6550   5.18101e+06                                                          
    6570   4.20051e+06                                                          
    6590   5.49825e+06                                                          
    6610   5.69585e+06                                                          
    6630   5.71064e+06                                                          
    6650   5.68719e+06                                                          
    6670   5.64263e+06                                                          
    6690   5.63412e+06                                                          
    6710   5.58860e+06                                                          
    6730   5.55517e+06                                                          
    6750   5.49414e+06                                                          
    6770   5.48710e+06                                                          
    6790   5.44234e+06                                                          
    6810   5.40137e+06                                                          
    6830   5.35822e+06                                                          
    6850   5.30832e+06                                                          
    6870   5.29397e+06                                                          
    6890   5.26126e+06                                                          
    6910   5.21980e+06                                                          
    6930   5.18347e+06                                                          
    6950   5.14971e+06                                                          
    6970   5.10835e+06                                                          
    6990   5.08309e+06                                                          
    7010   4.99995e+06                                                          
    7030   4.99144e+06                                                          
    7050   4.96943e+06                                                          
    7070   4.93656e+06                                                          
    7090   4.90278e+06                                                          
    7110   4.78818e+06                                                          
    7130   4.80145e+06                                                          
    7150   4.78073e+06                                                          
    7170   4.74080e+06                                                          
    7190   4.69451e+06                                                          
    7210   4.67981e+06                                                          
    7230   4.64592e+06                                                          
    7250   4.61782e+06                                                          
    7270   4.60311e+06                                                          
    7290   4.53750e+06                                                          
    7310   4.52347e+06                                                          
    7330   4.49458e+06                                                          
    7350   4.48192e+06                                                          
    7370   4.45520e+06                                                          
    7390   4.39269e+06                                                          
    7410   4.32162e+06                                                          
    7430   4.31945e+06                                                          
    7450   4.30364e+06                                                          
    7470   4.26580e+06                                                          
    7490   4.24005e+06                                                          
    7510   4.22877e+06                                                          
    7530   4.20908e+06                                                          
    7550   4.19733e+06                                                          
    7570   4.15907e+06                                                          
    7590   4.13093e+06                                                          
    7610   4.10283e+06                                                          
    7630   4.08011e+06                                                          
    7650   4.04631e+06                                                          
    7670   3.98650e+06                                                          
    7690   3.98648e+06                                                          
    7710   3.94888e+06                                                          
    7730   3.94493e+06                                                          
    7750   3.90403e+06                                                          
    7770   3.81781e+06                                                          
    7790   3.87688e+06                                                          
    7810   3.84349e+06                                                          
    7830   3.79767e+06                                                          
    7850   3.76530e+06                                                          
    7870   3.75471e+06                                                          
    7890   3.72645e+06                                                          
    7910   3.69786e+06                                                          
    7930   3.65997e+06                                                          
    7950   3.63759e+06                                                          
    7970   3.65145e+06                                                          
    7990   3.60483e+06                                                          
    8010   3.58666e+06                                                          
    8030   3.56361e+06                                                          
    8050   3.54112e+06                                                          
    8070   3.52616e+06                                                          
    8090   3.49428e+06                                                          
    8110   3.48873e+06                                                          
    8130   3.47104e+06                                                          
    8150   3.44627e+06                                                          
    8170   3.42420e+06                                                          
    8190   3.34779e+06                                                          
    8210   3.34502e+06                                                          
    8230   3.32081e+06                                                          
    8250   3.30843e+06                                                          
    8270   3.32278e+06                                                          
    8290   3.29717e+06                                                          
    8310   3.26083e+06                                                          
    8330   3.20440e+06                                                          
    8350   3.20834e+06                                                          
    8370   3.18823e+06                                                          
    8390   3.13438e+06                                                          
    8410   3.11932e+06                                                          
    8430   3.08833e+06                                                          
    8450   3.03561e+06                                                          
    8470   2.99555e+06                                                          
    8490   3.04217e+06                                                          
    8510   2.86380e+06                                                          
    8530   3.04799e+06                                                          
    8550   2.72207e+06                                                          
    8570   3.06695e+06                                                          
    8590   2.88530e+06                                                          
    8610   2.82613e+06                                                          
    8630   3.04539e+06                                                          
    8650   2.95135e+06                                                          
    8670   2.52058e+06                                                          
    8690   2.91757e+06                                                          
    8710   3.00835e+06                                                          
    8730   2.92284e+06                                                          
    8750   2.50477e+06                                                          
    8770   2.84011e+06                                                          
    8790   2.95322e+06                                                          
    8810   2.93937e+06                                                          
    8830   2.87285e+06                                                          
    8850   2.70310e+06                                                          
    8870   2.38990e+06                                                          
    8890   2.80477e+06                                                          
    8910   2.85669e+06                                                          
    8930   2.84571e+06                                                          
    8950   2.85636e+06                                                          
    8970   2.81845e+06                                                          
    8990   2.74138e+06                                                          
    9010   2.31473e+06                                                          
    9030   2.51685e+06                                                          
    9050   2.72536e+06                                                          
    9070   2.69076e+06                                                          
    9090   2.65135e+06                                                          
    9110   2.70431e+06                                                          
    9130   2.71837e+06                                                          
    9150   2.70765e+06                                                          
    9170   2.67560e+06                                                          
    9190   2.62961e+06                                                          
    9210   2.49973e+06                                                          
    9230   2.07310e+06                                                          
    9250   2.42420e+06                                                          
    9270   2.51464e+06                                                          
    9290   2.58372e+06                                                          
    9310   2.58342e+06                                                          
    9330   2.56699e+06                                                          
    9350   2.55629e+06                                                          
    9370   2.54730e+06                                                          
    9390   2.52109e+06                                                          
    9410   2.43035e+06                                                          
    9430   2.48006e+06                                                          
    9450   2.46421e+06                                                          
    9470   2.46023e+06                                                          
    9490   2.43855e+06                                                          
    9510   2.38800e+06                                                          
    9530   2.26417e+06                                                          
    9550   1.89508e+06                                                          
    9570   2.26230e+06                                                          
    9590   2.34206e+06                                                          
    9610   2.33388e+06                                                          
    9630   2.30920e+06                                                          
    9650   2.32616e+06                                                          
    9670   2.29552e+06                                                          
    9690   2.29448e+06                                                          
    9710   2.30679e+06                                                          
    9730   2.29162e+06                                                          
    9750   2.26229e+06                                                          
    9770   2.26485e+06                                                          
    9790   2.25223e+06                                                          
    9810   2.23869e+06                                                          
    9830   2.22487e+06                                                          
    9850   2.20015e+06                                                          
    9870   2.18706e+06                                                          
    9890   2.16707e+06                                                          
    9910   2.15784e+06                                                          
    9930   2.15049e+06                                                          
    9950   2.13883e+06                                                          
    9970   2.12821e+06                                                          
    9990   2.10684e+06                                                          
   10025   1.97152e+06                                                          
   10075   1.88182e+06                                                          
   10125   2.01617e+06                                                          
   10175   2.00579e+06                                                          
   10225   1.98897e+06                                                          
   10275   1.96512e+06                                                          
   10325   1.93004e+06                                                          
   10375   1.90714e+06                                                          
   10425   1.88029e+06                                                          
   10475   1.83560e+06                                                          
   10525   1.81939e+06                                                          
   10575   1.79923e+06                                                          
   10625   1.77192e+06                                                          
   10675   1.71716e+06                                                          
   10725   1.71422e+06                                                          
   10775   1.69298e+06                                                          
   10825   1.66561e+06                                                          
   10875   1.63106e+06                                                          
   10925   1.43431e+06                                                          
   10975   1.53447e+06                                                          
   11025   1.58550e+06                                                          
   11075   1.57425e+06                                                          
   11125   1.55141e+06                                                          
   11175   1.53122e+06                                                          
   11225   1.51504e+06                                                          
   11275   1.46852e+06                                                          
   11325   1.45184e+06                                                          
   11375   1.44801e+06                                                          
   11425   1.41974e+06                                                          
   11475   1.41924e+06                                                          
   11525   1.40207e+06                                                          
   11575   1.38095e+06                                                          
   11625   1.34646e+06                                                          
   11675   1.32308e+06                                                          
   11725   1.33101e+06                                                          
   11775   1.28704e+06                                                          
   11825   1.28244e+06                                                          
   11875   1.25814e+06                                                          
   11925   1.26709e+06                                                          
   11975   1.23378e+06                                                          
   12025   1.22869e+06                                                          
   12075   1.20875e+06                                                          
   12125   1.19676e+06                                                          
   12175   1.18727e+06                                                          
   12225   1.17068e+06                                                          
   12275   1.15464e+06                                                          
   12325   1.14071e+06                                                          
   12375   1.12814e+06                                                          
   12425   1.11691e+06                                                          
   12475   1.10142e+06                                                          
   12525   1.08638e+06                                                          
   12575   1.06699e+06                                                          
   12625   1.05780e+06                                                          
   12675   1.04634e+06                                                          
   12725   1.03176e+06                                                          
   12775   9.96145e+05                                                          
   12825   8.65400e+05                                                          
   12875   9.77837e+05                                                          
   12925   9.82418e+05                                                          
   12975   9.75146e+05                                                          
   13025   9.64422e+05                                                          
   13075   9.55166e+05                                                          
   13125   9.41150e+05                                                          
   13175   9.26904e+05                                                          
   13225   9.21417e+05                                                          
   13275   9.09794e+05                                                          
   13325   9.00075e+05                                                          
   13375   8.88733e+05                                                          
   13425   8.79198e+05                                                          
   13475   8.68722e+05                                                          
   13525   8.56477e+05                                                          
   13575   8.44518e+05                                                          
   13625   8.38589e+05                                                          
   13675   8.27531e+05                                                          
   13725   8.10436e+05                                                          
   13775   8.07091e+05                                                          
   13825   7.98566e+05                                                          
   13875   7.93008e+05                                                          
   13925   7.79902e+05                                                          
   13975   7.73226e+05                                                          
   14025   7.64126e+05                                                          
   14075   7.57072e+05                                                          
   14125   7.45771e+05                                                          
   14175   7.39744e+05                                                          
   14225   7.28626e+05                                                          
   14275   7.19470e+05                                                          
   14325   7.14515e+05                                                          
   14375   7.08218e+05                                                          
   14425   6.83665e+05                                                          
   14475   6.90969e+05                                                          
   14525   6.75250e+05                                                          
   14570   6.75379e+05                                                          
   14620   6.66672e+05                                                          
   14675   6.60960e+05                                                          
   14725   6.51225e+05                                                          
   14775   6.41826e+05                                                          
   14825   6.37177e+05                                                          
   14875   6.26722e+05                                                          
   14925   6.27106e+05                                                          
   14975   6.16775e+05                                                          
   15025   6.07472e+05                                                          
   15075   5.98488e+05                                                          
   15125   5.96373e+05                                                          
   15175   5.89116e+05                                                          
   15225   5.80856e+05                                                          
   15275   5.74233e+05                                                          
   15325   5.66152e+05                                                          
   15375   5.62374e+05                                                          
   15425   5.48906e+05                                                          
   15475   5.49571e+05                                                          
   15525   5.43549e+05                                                          
   15575   5.27509e+05                                                          
   15625   5.40494e+05                                                          
   15675   5.20946e+05                                                          
   15725   5.08182e+05                                                          
   15775   5.20627e+05                                                          
   15825   5.16145e+05                                                          
   15875   4.76736e+05                                                          
   15925   4.99659e+05                                                          
   15975   5.08753e+05                                                          
   16050   4.90510e+05                                                          
   16150   4.64454e+05                                                          
   16250   4.82007e+05                                                          
   16350   4.58634e+05                                                          
   16450   4.31928e+05                                                          
   16550   4.52870e+05                                                          
   16650   4.44332e+05                                                          
   16750   4.20672e+05                                                          
   16850   3.94233e+05                                                          
   16950   4.16980e+05                                                          
   17050   4.07574e+05                                                          
   17150   4.00943e+05                                                          
   17250   3.87091e+05                                                          
   17350   3.45961e+05                                                          
   17450   3.67101e+05                                                          
   17550   3.66562e+05                                                          
   17650   3.59502e+05                                                          
   17750   3.53518e+05                                                          
   17850   3.46210e+05                                                          
   17950   3.40484e+05                                                          
   18050   3.30255e+05                                                          
   18150   2.97031e+05                                                          
   18250   3.11229e+05                                                          
   18350   3.13070e+05                                                          
   18450   3.07171e+05                                                          
   18550   3.00578e+05                                                          
   18650   2.92792e+05                                                          
   18750   2.60806e+05                                                          
   18850   2.80294e+05                                                          
   18950   2.76051e+05                                                          
   19050   2.74598e+05                                                          
   19150   2.69066e+05                                                          
   19250   2.63488e+05                                                          
   19350   2.55779e+05                                                          
   19450   2.28408e+05                                                          
   19550   2.46631e+05                                                          
   19650   2.44547e+05                                                          
   19750   2.39829e+05                                                          
   19850   2.36260e+05                                                          
   19950   2.32014e+05                                                          
   20050   2.28008e+05                                                          
   20150   2.24141e+05                                                          
   20250   2.19622e+05                                                          
   20350   2.15239e+05                                                          
   20450   2.12317e+05                                                          
   20550   2.08421e+05                                                          
   20650   2.04138e+05                                                          
   20750   2.00813e+05                                                          
   20850   1.97405e+05                                                          
   20950   1.93724e+05                                                          
   21050   1.90489e+05                                                          
   21150   1.86716e+05                                                          
   21250   1.83478e+05                                                          
   21350   1.80427e+05                                                          
   21450   1.77594e+05                                                          
   21550   1.73117e+05                                                          
   21650   1.54736e+05                                                          
   21750   1.66021e+05                                                          
   21850   1.65392e+05                                                          
   21950   1.63497e+05                                                          
   22050   1.60198e+05                                                          
   22150   1.57530e+05                                                          
   22250   1.55475e+05                                                          
   22350   1.52899e+05                                                          
   22450   1.50378e+05                                                          
   22550   1.47319e+05                                                          
   22650   1.45339e+05                                                          
   22750   1.43067e+05                                                          
   22850   1.41000e+05                                                          
   22950   1.39918e+05                                                          
   23050   1.37934e+05                                                          
   23150   1.35318e+05                                                          
   23250   1.33080e+05                                                          
   23350   1.30632e+05                                                          
   23450   1.28493e+05                                                          
   23550   1.26276e+05                                                          
   23650   1.24200e+05                                                          
   23750   1.21949e+05                                                          
   23850   1.19906e+05                                                          
   23950   1.17995e+05                                                          
   24050   1.16054e+05                                                          
   24150   1.14079e+05                                                          
   24250   1.12390e+05                                                          
   24350   1.10516e+05                                                          
   24450   1.08727e+05                                                          
   24550   1.07153e+05                                                          
   24650   1.05419e+05                                                          
   24750   1.03874e+05                                                          
   24850   1.02521e+05                                                          
   24950   9.99015e+04                                                          
   25050   1.00757e+05                                                          
   25150   9.85958e+04                                                          
   25250   9.51888e+04                                                          
   25350   9.54077e+04                                                          
   25450   9.45261e+04                                                          
   25550   9.23897e+04                                                          
   25650   8.87837e+04                                                          
   25750   9.00486e+04                                                          
   25850   8.89854e+04                                                          
   25950   8.79376e+04                                                          
   26050   8.54666e+04                                                          
   26150   8.15805e+04                                                          
   26250   7.60177e+04                                                          
   26350   8.17872e+04                                                          
   26450   8.17630e+04                                                          
   26550   8.06430e+04                                                          
   26650   7.86730e+04                                                          
   26750   7.43504e+04                                                          
   26850   7.67701e+04                                                          
   26950   7.65019e+04                                                          
   27050   7.56030e+04                                                          
   27150   7.46062e+04                                                          
   27250   7.35591e+04                                                          
   27350   7.24434e+04                                                          
   27450   7.10603e+04                                                          
   27550   6.63396e+04                                                          
   27650   6.76441e+04                                                          
   27750   6.83798e+04                                                          
   27850   6.77289e+04                                                          
   27950   6.68982e+04                                                          
   28050   6.59907e+04                                                          
   28150   6.51081e+04                                                          
   28250   6.42347e+04                                                          
   28350   6.34064e+04                                                          
   28450   6.23955e+04                                                          
   28550   6.14663e+04                                                          
   28650   5.95259e+04                                                          
   28750   5.55291e+04                                                          
   28850   5.86905e+04                                                          
   28950   5.83773e+04                                                          
   29050   5.77828e+04                                                          
   29150   5.69001e+04                                                          
   29250   5.62511e+04                                                          
   29350   5.55747e+04                                                          
   29450   5.48398e+04                                                          
   29550   5.41561e+04                                                          
   29650   5.34695e+04                                                          
   29750   5.27801e+04                                                          
   29850   5.21188e+04                                                          
   29950   5.14251e+04                                                          
   30050   5.07541e+04                                                          
   30150   5.00460e+04                                                          
   30250   4.91613e+04                                                          
   30350   4.56613e+04                                                          
   30450   4.62789e+04                                                          
   30550   4.74193e+04                                                          
   30650   4.70249e+04                                                          
   30750   4.65179e+04                                                          
   30850   4.58451e+04                                                          
   30950   4.53252e+04                                                          
   31050   4.47800e+04                                                          
   31150   4.40864e+04                                                          
   31250   4.36598e+04                                                          
   31350   4.31596e+04                                                          
   31450   4.26201e+04                                                          
   31550   4.21250e+04                                                          
   31650   4.16749e+04                                                          
   31750   4.11130e+04                                                          
   31850   4.06851e+04                                                          
   31950   4.02017e+04                                                          
   32100   3.94719e+04                                                          
   32300   3.85651e+04                                                          
   32500   3.76525e+04                                                          
   32700   3.66999e+04                                                          
   32900   3.39540e+04                                                          
   33100   3.46526e+04                                                          
   33300   3.43576e+04                                                          
   33500   3.36345e+04                                                          
   33700   3.27570e+04                                                          
   33900   3.19960e+04                                                          
   34100   3.12650e+04                                                          
   34300   3.06028e+04                                                          
   34500   2.99599e+04                                                          
   34700   2.92659e+04                                                          
   34900   2.86253e+04                                                          
   35100   2.79963e+04                                                          
   35300   2.73730e+04                                                          
   35500   2.67838e+04                                                          
   35700   2.61731e+04                                                          
   35900   2.56431e+04                                                          
   36100   2.50644e+04                                                          
   36300   2.45888e+04                                                          
   36500   2.39825e+04                                                          
   36700   2.35714e+04                                                          
   36900   2.28762e+04                                                          
   37100   2.25265e+04                                                          
   37300   2.15409e+04                                                          
   37500   2.07498e+04                                                          
   37700   2.12069e+04                                                          
   37900   2.08334e+04                                                          
   38100   2.02418e+04                                                          
   38300   1.98904e+04                                                          
   38500   1.96721e+04                                                          
   38700   1.92515e+04                                                          
   38900   1.87918e+04                                                          
   39100   1.81788e+04                                                          
   39300   1.81340e+04                                                          
   39500   1.78156e+04                                                          
   39700   1.74828e+04                                                          
   39900   1.70926e+04                                                          
   40100   1.65504e+04                                                          
   40300   1.61717e+04                                                          
   40500   1.53968e+04                                                          
   40700   1.57895e+04                                                          
   40900   1.55494e+04                                                          
   41100   1.52912e+04                                                          
   41300   1.50043e+04                                                          
   41500   1.46498e+04                                                          
   41700   1.39944e+04                                                          
   41900   1.40995e+04                                                          
   42100   1.38867e+04                                                          
   42300   1.36800e+04                                                          
   42500   1.34241e+04                                                          
   42700   1.31881e+04                                                          
   42900   1.29514e+04                                                          
   43100   1.27179e+04                                                          
   43300   1.24843e+04                                                          
   43500   1.22373e+04                                                          
   43700   1.16407e+04                                                          
   43900   1.16917e+04                                                          
   44100   1.16075e+04                                                          
   44300   1.14217e+04                                                          
   44500   1.12254e+04                                                          
   44700   1.10585e+04                                                          
   44900   1.08662e+04                                                          
   45100   1.06846e+04                                                          
   45300   1.04999e+04                                                          
   45500   1.03215e+04                                                          
   45700   1.01412e+04                                                          
   45900   9.96818e+03                                                          
   46100   9.80401e+03                                                          
   46300   9.59922e+03                                                          
   46500   8.97776e+03                                                          
   46700   8.87519e+03                                                          
   46900   9.08968e+03                                                          
   47100   9.00995e+03                                                          
   47300   8.87121e+03                                                          
   47500   8.72119e+03                                                          
   47700   8.58127e+03                                                          
   47900   8.44600e+03                                                          
   48100   8.30853e+03                                                          
   48300   8.17510e+03                                                          
   48500   8.04358e+03                                                          
   48700   7.91546e+03                                                          
   48900   7.79016e+03                                                          
   49100   7.66266e+03                                                          
   49300   7.54535e+03                                                          
   49500   7.42578e+03                                                          
   49700   7.31030e+03                                                          
   49900   7.19595e+03                                                          
   50100   7.08415e+03                                                          
   50300   6.97437e+03                                                          
   50500   6.86798e+03                                                          
   50700   6.76352e+03                                                          
   50900   6.65586e+03                                                          
   51100   6.50834e+03                                                          
   51300   6.15376e+03                                                          
   51500   6.32851e+03                                                          
   51700   6.26304e+03                                                          
   51900   6.17168e+03                                                          
   52100   6.07712e+03                                                          
   52300   5.98732e+03                                                          
   52500   5.89959e+03                                                          
   52700   5.81258e+03                                                          
   52900   5.72715e+03                                                          
   53100   5.64283e+03                                                          
   53300   5.56046e+03                                                          
   53500   5.47917e+03                                                          
   53700   5.39726e+03                                                          
   53900   5.32096e+03                                                          
   54100   5.24522e+03                                                          
   54300   5.16721e+03                                                          
   54500   5.09503e+03                                                          
   54700   5.01777e+03                                                          
   54900   4.95064e+03                                                          
   55100   4.88119e+03                                                          
   55300   4.81144e+03                                                          
   55500   4.74451e+03                                                          
   55700   4.67649e+03                                                          
   55900   4.60701e+03                                                          
   56100   4.54793e+03                                                          
   56300   4.48465e+03                                                          
   56500   4.42403e+03                                                          
   56700   4.36267e+03                                                          
   56900   4.30279e+03                                                          
   57100   4.24438e+03                                                          
   57300   4.18631e+03                                                          
   57500   4.12968e+03                                                          
   57700   4.07300e+03                                                          
   57900   4.01701e+03                                                          
   58100   3.96418e+03                                                          
   58300   3.91163e+03                                                          
   58500   3.86320e+03                                                          
   58700   3.80839e+03                                                          
   58900   3.72726e+03                                                          
   59100   3.53762e+03                                                          
   59300   3.64305e+03                                                          
   59500   3.60640e+03                                                          
   59700   3.56647e+03                                                          
   59900   3.51996e+03                                                          
   60100   3.47300e+03                                                          
   60300   3.42955e+03                                                          
   60500   3.38562e+03                                                          
   60700   3.34089e+03                                                          
   60900   3.29732e+03                                                          
   61100   3.25232e+03                                                          
   61300   3.21454e+03                                                          
   61500   3.17401e+03                                                          
   61700   3.13368e+03                                                          
   61900   3.09359e+03                                                          
   62100   3.05513e+03                                                          
   62300   3.01367e+03                                                          
   62500   2.97799e+03                                                          
   62700   2.94024e+03                                                          
   62900   2.90499e+03                                                          
   63100   2.86675e+03                                                          
   63300   2.83287e+03                                                          
   63500   2.79795e+03                                                          
   63700   2.76386e+03                                                          
   63900   2.72970e+03                                                          
   64200   2.68045e+03                                                          
   64600   2.61514e+03                                                          
   65000   2.55200e+03                                                          
   65400   2.49200e+03                                                          
   65800   2.43283e+03                                                          
   66200   2.37514e+03                                                          
   66600   2.31977e+03                                                          
   67000   2.26563e+03                                                          
   67400   2.21281e+03                                                          
   67800   2.16229e+03                                                          
   68200   2.11274e+03                                                          
   68600   2.06442e+03                                                          
   69000   2.01713e+03                                                          
   69400   1.97171e+03                                                          
   69800   1.92779e+03                                                          
   70200   1.88461e+03                                                          
   70600   1.84299e+03                                                          
   71000   1.80313e+03                                                          
   71400   1.76332e+03                                                          
   71800   1.72482e+03                                                          
   72200   1.68637e+03                                                          
   72600   1.65093e+03                                                          
   73000   1.61610e+03                                                          
   73400   1.58131e+03                                                          
   73800   1.54805e+03                                                          
   74200   1.51354e+03                                                          
   74600   1.44642e+03                                                          
   75000   1.41453e+03                                                          
   75400   1.42021e+03                                                          
   75800   1.39299e+03                                                          
   76200   1.36465e+03                                                          
   76600   1.33680e+03                                                          
   77000   1.30952e+03                                                          
   77400   1.28321e+03                                                          
   77800   1.25745e+03                                                          
   78200   1.23228e+03                                                          
   78600   1.20774e+03                                                          
   79000   1.18380e+03                                                          
   79400   1.16041e+03                                                          
   79800   1.13764e+03                                                          
   80200   1.11527e+03                                                          
   80600   1.09361e+03                                                          
   81000   1.07262e+03                                                          
   81400   1.05171e+03                                                          
   81800   1.03163e+03                                                          
   82200   1.01214e+03                                                          
   82600   9.92887e+02                                                          
   83000   9.74132e+02                                                          
   83400   9.55414e+02                                                          
   83800   9.37452e+02                                                          
   84200   9.20228e+02                                                          
   84600   9.03404e+02                                                          
   85000   8.86805e+02                                                          
   85400   8.70444e+02                                                          
   85800   8.54511e+02                                                          
   86200   8.38917e+02                                                          
   86600   8.23862e+02                                                          
   87000   8.09000e+02                                                          
   87400   7.94438e+02                                                          
   87800   7.80278e+02                                                          
   88200   7.66203e+02                                                          
   88600   7.52701e+02                                                          
   89000   7.39410e+02                                                          
   89400   7.26491e+02                                                          
   89800   7.13639e+02                                                          
   90200   7.01325e+02                                                          
   90600   6.89273e+02                                                          
   91000   6.77203e+02                                                          
   91400   6.65633e+02                                                          
   91800   6.54324e+02                                                          
   92200   6.43199e+02                                                          
   92600   6.32270e+02                                                          
   93000   6.21616e+02                                                          
   93400   6.11121e+02                                                          
   93800   6.00891e+02                                                          
   94200   5.90879e+02                                                          
   94600   5.81056e+02                                                          
   95000   5.71429e+02                                                          
   95400   5.61904e+02                                                          
   95800   5.52831e+02                                                          
   96200   5.43734e+02                                                          
   96600   5.34949e+02                                                          
   97000   5.26276e+02                                                          
   97400   5.17639e+02                                                          
   97800   5.09389e+02                                                          
   98200   5.01219e+02                                                          
   98600   4.93275e+02                                                          
   99000   4.85467e+02                                                          
   99400   4.77745e+02                                                          
   99800   4.70191e+02                                                          
  100200   4.62813e+02                                                          
  200000   2.96891e+01                                                          
  400000   1.85137e+00                                                          
  600000   3.62949e-01                                                          
  800000   1.14005e-01                                                          
 1000000   4.63983e-02                                                          
 1200000   2.22504e-02                                                          
 1400000   1.19513e-02                                                          
 1600000   6.97486e-03                                                          
