      91   1.00000e-21
      94   1.00000e-21                                                          
      96   1.00000e-21                                                          
      98   1.00000e-21                                                          
     100   1.00000e-21                                                          
     102   1.00000e-21                                                          
     104   1.00000e-21                                                          
     106   1.00000e-21                                                          
     108   1.00000e-21                                                          
     110   1.00000e-21                                                          
     114   1.00000e-21                                                          
     118   1.00000e-21                                                          
     121   1.00000e-21                                                          
     125   1.00000e-21                                                          
     127   1.00000e-21                                                          
     128   1.00000e-21                                                          
     130   1.00000e-21                                                          
     132   1.00000e-21                                                          
     134   1.00000e-21                                                          
     137   1.00000e-21                                                          
     140   1.00000e-21                                                          
     143   1.00000e-21                                                          
     147   1.00000e-21                                                          
     151   1.00000e-21                                                          
     155   1.00000e-21                                                          
     159   1.00000e-21                                                          
     162   1.00000e-21                                                          
     166   1.00000e-21                                                          
     170   1.00000e-21                                                          
     173   1.00000e-21                                                          
     177   1.00000e-21                                                          
     180   1.00000e-21                                                          
     182   1.00000e-21                                                          
     186   1.00000e-21                                                          
     191   1.00000e-21                                                          
     194   1.00000e-21                                                          
     198   1.00000e-21                                                          
     202   1.00000e-21                                                          
     205   1.00000e-21                                                          
     210   1.00000e-21                                                          
     216   1.00000e-21                                                          
     220   1.00000e-21                                                          
     223   1.00000e-21                                                          
     227   1.00000e-21                                                          
     230   1.00000e-21                                                          
     234   1.00000e-21                                                          
     240   1.00000e-21                                                          
     246   1.00000e-21                                                          
     252   1.00000e-21                                                          
     257   1.00000e-21                                                          
     260   1.00000e-21                                                          
     264   1.00000e-21                                                          
     268   1.00000e-21                                                          
     274   1.00000e-21                                                          
     278   1.00000e-21                                                          
     284   1.00000e-21                                                          
     290   1.00000e-21                                                          
     296   1.00000e-21                                                          
     301   1.00000e-21                                                          
     308   1.00000e-21                                                          
     318   1.00000e-21                                                          
     328   1.00000e-21                                                          
     338   1.00000e-21                                                          
     348   1.00000e-21                                                          
     357   1.00000e-21                                                          
     366   1.00000e-21                                                          
     375   1.00000e-21                                                          
     385   1.00000e-21                                                          
     395   1.00000e-21                                                          
     405   1.00000e-21                                                          
     414   1.00000e-21                                                          
     422   1.00000e-21                                                          
     430   1.00000e-21                                                          
     441   1.00000e-21                                                          
     451   1.00000e-21                                                          
     460   1.00000e-21                                                          
     470   1.00000e-21                                                          
     480   1.00000e-21                                                          
     490   1.00000e-21                                                          
     500   1.00000e-21                                                          
     506   1.00000e-21                                                          
     512   1.00000e-21                                                          
     520   1.00000e-21                                                          
     530   1.00000e-21                                                          
     540   1.00000e-21                                                          
     550   1.00000e-21                                                          
     560   1.00000e-21                                                          
     570   1.00000e-21                                                          
     580   1.00000e-21                                                          
     590   1.00000e-21                                                          
     600   1.00000e-21                                                          
     610   1.00000e-21                                                          
     620   1.00000e-21                                                          
     630   1.00000e-21                                                          
     640   1.00000e-21                                                          
     650   1.00000e-21                                                          
     658   1.00000e-21                                                          
     665   1.00000e-21                                                          
     675   1.00000e-21                                                          
     685   1.00000e-21                                                          
     695   1.00000e-21                                                          
     705   1.00000e-21                                                          
     716   1.00000e-21                                                          
     726   1.00000e-21                                                          
     735   1.00000e-21                                                          
     745   1.00000e-21                                                          
     755   1.00000e-21                                                          
     765   1.00000e-21                                                          
     775   1.00000e-21                                                          
     785   1.00000e-21                                                          
     795   1.00000e-21                                                          
     805   1.00000e-21                                                          
     815   1.00000e-21                                                          
     825   1.00000e-21                                                          
     835   1.00000e-21                                                          
     845   1.00000e-21                                                          
     855   1.00000e-21                                                          
     865   1.00000e-21                                                          
     875   1.00000e-21                                                          
     885   1.00000e-21                                                          
     895   1.00000e-21                                                          
     905   1.00000e-21                                                          
     915   1.00000e-21                                                          
     925   2.26611e-14                                                          
     935   3.04914e-14                                                          
     945   5.93217e-14                                                          
     955   6.25169e-14                                                          
     965   1.50884e-13                                                          
     975   2.06790e-13                                                          
     985   3.37655e-13                                                          
     995   6.07613e-13                                                          
    1005   9.29417e-13                                                          
    1015   1.43299e-12                                                          
    1025   2.31405e-12                                                          
    1035   5.08270e-12                                                          
    1045   7.97013e-12                                                          
    1055   9.38973e-12                                                          
    1065   2.17880e-11                                                          
    1075   3.34081e-11                                                          
    1085   6.68371e-11                                                          
    1095   9.77908e-11                                                          
    1105   1.38103e-10                                                          
    1115   2.15898e-10                                                          
    1125   4.95349e-10                                                          
    1135   9.78437e-10                                                          
    1145   1.67103e-09                                                          
    1155   2.60118e-09                                                          
    1165   3.64480e-09                                                          
    1175   6.06775e-09                                                          
    1185   7.35843e-09                                                          
    1195   8.71314e-09                                                          
    1205   7.15013e-09                                                          
    1215   4.41659e-09                                                          
    1225   1.27794e-08                                                          
    1235   3.53605e-08                                                          
    1245   5.86942e-08                                                          
    1255   9.10213e-08                                                          
    1265   1.12841e-07                                                          
    1275   1.66934e-07                                                          
    1285   1.72807e-07                                                          
    1295   2.31829e-07                                                          
    1305   3.00035e-07                                                          
    1315   3.89759e-07                                                          
    1325   4.68118e-07                                                          
    1335   5.49705e-07                                                          
    1345   7.45610e-07                                                          
    1355   9.83424e-07                                                          
    1365   1.13428e-06                                                          
    1375   1.24184e-06                                                          
    1385   1.53148e-06                                                          
    1395   1.70938e-06                                                          
    1405   2.45377e-06                                                          
    1415   3.08826e-06                                                          
    1425   3.57119e-06                                                          
    1435   4.93493e-06                                                          
    1442   6.72836e-06                                                          
    1447   5.72779e-06                                                          
    1455   7.23345e-06                                                          
    1465   1.03550e-05                                                          
    1475   1.28542e-05                                                          
    1485   1.32890e-05                                                          
    1495   2.06577e-05                                                          
    1505   2.78226e-05                                                          
    1512   1.77777e-05                                                          
    1517   2.76337e-05                                                          
    1525   3.79032e-05                                                          
    1535   4.90539e-05                                                          
    1545   4.08206e-05                                                          
    1555   5.93528e-05                                                          
    1565   6.43840e-05                                                          
    1575   1.05863e-04                                                          
    1585   1.19882e-04                                                          
    1595   1.24705e-04                                                          
    1605   1.42600e-04                                                          
    1615   1.61934e-04                                                          
    1625   1.83693e-04                                                          
    1635   2.31170e-04                                                          
    1645   2.91303e-04                                                          
    1655   3.11838e-04                                                          
    1665   4.06850e-04                                                          
    1672   3.95815e-04                                                          
    1677   4.95687e-04                                                          
    1685   6.21627e-04                                                          
    1695   8.03433e-04                                                          
    1705   8.98235e-04                                                          
    1715   1.03575e-03                                                          
    1725   1.29511e-03                                                          
    1735   1.51156e-03                                                          
    1745   1.92370e-03                                                          
    1755   2.09144e-03                                                          
    1765   2.51411e-03                                                          
    1775   2.65409e-03                                                          
    1785   3.95969e-03                                                          
    1795   3.86917e-03                                                          
    1805   5.61117e-03                                                          
    1815   4.97290e-03                                                          
    1825   6.90635e-03                                                          
    1835   6.81740e-03                                                          
    1845   9.02541e-03                                                          
    1855   8.44222e-03                                                          
    1865   1.18799e-02                                                          
    1875   1.18988e-02                                                          
    1885   1.46071e-02                                                          
    1895   1.75804e-02                                                          
    1905   1.94381e-02                                                          
    1915   2.53223e-02                                                          
    1925   2.38664e-02                                                          
    1935   2.07949e-02                                                          
    1945   3.23232e-02                                                          
    1955   4.21966e-02                                                          
    1967   4.68313e-02                                                          
    1976   5.33159e-02                                                          
    1984   6.51275e-02                                                          
    1995   6.28506e-02                                                          
    2005   7.29192e-02                                                          
    2015   8.28829e-02                                                          
    2025   8.39554e-02                                                          
    2035   1.00978e-01                                                          
    2045   1.07747e-01                                                          
    2055   1.25093e-01                                                          
    2065   1.27377e-01                                                          
    2074   1.27461e-01                                                          
    2078   2.03636e-01                                                          
    2085   2.65776e-01                                                          
    2095   2.89258e-01                                                          
    2105   2.72958e-01                                                          
    2115   2.88558e-01                                                          
    2125   3.29082e-01                                                          
    2135   4.10770e-01                                                          
    2145   3.50001e-01                                                          
    2155   4.20249e-01                                                          
    2165   4.25177e-01                                                          
    2175   4.68755e-01                                                          
    2185   4.54879e-01                                                          
    2195   6.81517e-01                                                          
    2205   6.11544e-01                                                          
    2215   7.27877e-01                                                          
    2225   6.80364e-01                                                          
    2235   1.00620e+00                                                          
    2245   1.12864e+00                                                          
    2255   1.37174e+00                                                          
    2265   8.85828e-01                                                          
    2275   1.48431e+00                                                          
    2285   1.46503e+00                                                          
    2295   2.25967e+00                                                          
    2305   1.13297e+00                                                          
    2315   2.84374e+00                                                          
    2325   2.38165e+00                                                          
    2335   3.48629e+00                                                          
    2345   2.42275e+00                                                          
    2355   2.24524e+00                                                          
    2365   2.85555e+00                                                          
    2375   2.84559e+00                                                          
    2385   4.40648e+00                                                          
    2395   4.16509e+00                                                          
    2405   6.91323e+00                                                          
    2415   4.77408e+00                                                          
    2425   5.82616e+00                                                          
    2435   8.19607e+00                                                          
    2445   1.07622e+01                                                          
    2455   1.23621e+01                                                          
    2465   8.59617e+00                                                          
    2475   1.41313e+01                                                          
    2485   6.65452e+00                                                          
    2495   7.71858e+00                                                          
    2505   1.32680e+01                                                          
    2513   1.02564e+01                                                          
    2518   1.14502e+01                                                          
    2525   1.34014e+01                                                          
    2535   2.49828e+01                                                          
    2545   3.02726e+01                                                          
    2555   3.24903e+01                                                          
    2565   2.01349e+01                                                          
    2575   2.95966e+01                                                          
    2585   2.38067e+01                                                          
    2595   2.74309e+01                                                          
    2605   3.63319e+01                                                          
    2615   3.42063e+01                                                          
    2625   4.92311e+01                                                          
    2635   6.93451e+01                                                          
    2645   5.83711e+01                                                          
    2655   7.45749e+01                                                          
    2665   7.01649e+01                                                          
    2675   6.24084e+01                                                          
    2685   8.16338e+01                                                          
    2695   6.37954e+01                                                          
    2705   9.47058e+01                                                          
    2715   9.56655e+01                                                          
    2725   8.79333e+01                                                          
    2735   9.09146e+01                                                          
    2745   1.23706e+02                                                          
    2755   1.17540e+02                                                          
    2765   1.51257e+02                                                          
    2775   1.93362e+02                                                          
    2785   1.42063e+02                                                          
    2795   1.86798e+02                                                          
    2805   1.89644e+02                                                          
    2815   1.90781e+02                                                          
    2825   2.03047e+02                                                          
    2835   1.89501e+02                                                          
    2845   1.62763e+02                                                          
    2855   9.81107e+01                                                          
    2865   2.33195e+02                                                          
    2875   2.39352e+02                                                          
    2885   3.37770e+02                                                          
    2895   3.84603e+02                                                          
    2910   4.51836e+02                                                          
    2930   4.81266e+02                                                          
    2950   4.80784e+02                                                          
    2970   4.78110e+02                                                          
    2990   5.61136e+02                                                          
    3010   6.08036e+02                                                          
    3030   7.03980e+02                                                          
    3050   8.35880e+02                                                          
    3070   8.63068e+02                                                          
    3090   8.87223e+02                                                          
    3110   1.18733e+03                                                          
    3130   1.20831e+03                                                          
    3150   1.58439e+03                                                          
    3170   2.20254e+03                                                          
    3190   1.91953e+03                                                          
    3210   2.34653e+03                                                          
    3230   2.50664e+03                                                          
    3250   3.63390e+03                                                          
    3270   4.65867e+03                                                          
    3290   6.11123e+03                                                          
    3310   5.38505e+03                                                          
    3330   6.33990e+03                                                          
    3350   6.27682e+03                                                          
    3370   4.60149e+03                                                          
    3390   6.00978e+03                                                          
    3410   6.72429e+03                                                          
    3430   7.20232e+03                                                          
    3450   6.52403e+03                                                          
    3470   6.60062e+03                                                          
    3490   8.57596e+03                                                          
    3510   1.19439e+04                                                          
    3530   1.12835e+04                                                          
    3550   1.64787e+04                                                          
    3570   7.86867e+03                                                          
    3590   6.91471e+03                                                          
    3610   1.08985e+04                                                          
    3630   1.45035e+04                                                          
    3640   1.65554e+04                                                          
    3650   1.88096e+04                                                          
    3670   2.57624e+04                                                          
    3690   1.86303e+04                                                          
    3710   1.48257e+04                                                          
    3730   7.56854e+03                                                          
    3750   9.53452e+03                                                          
    3770   2.16557e+04                                                          
    3790   2.38630e+04                                                          
    3810   2.16206e+04                                                          
    3830   9.91208e+03                                                          
    3850   1.69611e+04                                                          
    3870   1.54900e+04                                                          
    3890   1.70587e+04                                                          
    3910   2.46233e+04                                                          
    3930   1.08349e+04                                                          
    3950   2.15624e+04                                                          
    3970   1.52437e+04                                                          
    3990   4.32520e+04                                                          
    4010   5.65829e+04                                                          
    4030   4.46592e+04                                                          
    4050   4.92594e+04                                                          
    4070   4.32319e+04                                                          
    4090   6.76264e+04                                                          
    4110   4.70862e+04                                                          
    4130   5.24933e+04                                                          
    4150   5.13013e+04                                                          
    4170   5.29096e+04                                                          
    4190   5.40771e+04                                                          
    4210   3.90675e+04                                                          
    4230   1.93042e+04                                                          
    4250   3.98334e+04                                                          
    4270   4.52620e+04                                                          
    4290   4.62386e+04                                                          
    4310   5.06281e+04                                                          
    4330   7.47750e+04                                                          
    4350   8.42033e+04                                                          
    4370   8.88535e+04                                                          
    4390   7.27824e+04                                                          
    4410   7.31904e+04                                                          
    4430   7.53113e+04                                                          
    4450   8.30896e+04                                                          
    4470   9.45849e+04                                                          
    4490   1.00537e+05                                                          
    4510   1.19486e+05                                                          
    4530   9.29024e+04                                                          
    4550   1.05954e+05                                                          
    4570   1.20911e+05                                                          
    4590   1.08020e+05                                                          
    4610   1.16136e+05                                                          
    4630   1.10811e+05                                                          
    4650   1.07220e+05                                                          
    4670   1.17504e+05                                                          
    4690   1.13271e+05                                                          
    4710   1.06792e+05                                                          
    4730   1.02600e+05                                                          
    4750   9.88089e+04                                                          
    4770   7.52456e+04                                                          
    4790   8.52544e+04                                                          
    4810   9.80593e+04                                                          
    4830   1.03798e+05                                                          
    4850   1.14098e+05                                                          
    4870   1.15741e+05                                                          
    4890   1.23146e+05                                                          
    4910   1.24249e+05                                                          
    4930   1.18798e+05                                                          
    4950   1.04523e+05                                                          
    4970   8.71478e+04                                                          
    4990   8.51022e+04                                                          
    5010   7.49502e+04                                                          
    5030   8.34981e+04                                                          
    5050   8.14321e+04                                                          
    5070   7.86076e+04                                                          
    5090   7.84493e+04                                                          
    5110   8.22314e+04                                                          
    5130   7.91764e+04                                                          
    5150   7.45522e+04                                                          
    5170   6.62868e+04                                                          
    5190   7.55400e+04                                                          
    5210   8.92659e+04                                                          
    5230   1.33377e+05                                                          
    5250   1.47451e+05                                                          
    5270   1.21221e+05                                                          
    5290   1.59833e+05                                                          
    5310   1.72823e+05                                                          
    5330   1.47540e+05                                                          
    5350   1.62523e+05                                                          
    5370   1.59306e+05                                                          
    5390   1.59682e+05                                                          
    5410   1.60110e+05                                                          
    5430   1.57977e+05                                                          
    5450   1.33133e+05                                                          
    5470   1.42032e+05                                                          
    5490   1.49490e+05                                                          
    5510   1.43679e+05                                                          
    5530   1.66079e+05                                                          
    5550   1.71549e+05                                                          
    5570   1.74934e+05                                                          
    5590   1.66597e+05                                                          
    5610   1.53927e+05                                                          
    5630   1.68646e+05                                                          
    5650   1.84628e+05                                                          
    5670   1.81445e+05                                                          
    5690   1.94505e+05                                                          
    5710   1.88577e+05                                                          
    5730   2.10200e+05                                                          
    5750   2.08163e+05                                                          
    5770   1.99148e+05                                                          
    5790   1.98898e+05                                                          
    5810   1.99037e+05                                                          
    5830   2.08706e+05                                                          
    5850   2.02607e+05                                                          
    5870   1.94940e+05                                                          
    5890   1.73224e+05                                                          
    5910   1.92513e+05                                                          
    5930   1.93812e+05                                                          
    5950   1.94303e+05                                                          
    5970   2.01529e+05                                                          
    5990   2.03805e+05                                                          
    6010   2.05747e+05                                                          
    6030   2.16446e+05                                                          
    6050   2.22431e+05                                                          
    6070   2.25186e+05                                                          
    6090   2.22364e+05                                                          
    6110   2.22507e+05                                                          
    6130   2.10632e+05                                                          
    6150   2.18436e+05                                                          
    6170   1.73710e+05                                                          
    6190   1.90935e+05                                                          
    6210   1.79200e+05                                                          
    6230   1.69135e+05                                                          
    6250   1.71492e+05                                                          
    6270   1.81512e+05                                                          
    6290   1.94557e+05                                                          
    6310   1.98575e+05                                                          
    6330   2.00701e+05                                                          
    6350   2.03008e+05                                                          
    6370   2.05311e+05                                                          
    6390   2.07775e+05                                                          
    6410   2.01131e+05                                                          
    6430   2.03246e+05                                                          
    6450   1.97964e+05                                                          
    6470   1.97125e+05                                                          
    6490   1.94312e+05                                                          
    6510   2.06829e+05                                                          
    6530   2.10390e+05                                                          
    6550   2.06251e+05                                                          
    6570   2.07125e+05                                                          
    6590   2.09241e+05                                                          
    6610   2.08573e+05                                                          
    6630   2.07259e+05                                                          
    6650   2.10738e+05                                                          
    6670   1.94702e+05                                                          
    6690   1.74685e+05                                                          
    6710   1.57218e+05                                                          
    6730   1.53994e+05                                                          
    6750   1.50714e+05                                                          
    6770   1.48810e+05                                                          
    6790   1.45854e+05                                                          
    6810   1.52901e+05                                                          
    6830   1.60191e+05                                                          
    6850   1.61764e+05                                                          
    6870   1.66973e+05                                                          
    6890   1.76457e+05                                                          
    6910   1.86335e+05                                                          
    6930   1.87748e+05                                                          
    6950   1.98732e+05                                                          
    6970   2.09086e+05                                                          
    6990   2.12323e+05                                                          
    7010   2.22876e+05                                                          
    7030   2.28306e+05                                                          
    7050   2.34659e+05                                                          
    7070   2.22216e+05                                                          
    7090   1.73129e+05                                                          
    7110   1.39100e+05                                                          
    7130   1.31768e+05                                                          
    7150   1.28149e+05                                                          
    7170   1.34650e+05                                                          
    7190   1.35544e+05                                                          
    7210   1.37801e+05                                                          
    7230   1.53514e+05                                                          
    7250   1.65266e+05                                                          
    7270   1.79131e+05                                                          
    7290   1.88826e+05                                                          
    7310   2.04428e+05                                                          
    7330   2.11465e+05                                                          
    7350   2.20289e+05                                                          
    7370   2.31701e+05                                                          
    7390   2.37475e+05                                                          
    7410   2.43096e+05                                                          
    7430   2.48762e+05                                                          
    7450   2.49178e+05                                                          
    7470   2.56700e+05                                                          
    7490   2.58131e+05                                                          
    7510   2.62137e+05                                                          
    7530   2.65992e+05                                                          
    7550   2.66898e+05                                                          
    7570   2.66808e+05                                                          
    7590   2.65799e+05                                                          
    7610   2.58523e+05                                                          
    7630   2.36036e+05                                                          
    7650   2.17161e+05                                                          
    7670   2.02403e+05                                                          
    7690   1.95183e+05                                                          
    7710   1.92334e+05                                                          
    7730   1.90084e+05                                                          
    7750   1.91570e+05                                                          
    7770   1.87868e+05                                                          
    7790   1.98241e+05                                                          
    7810   1.97679e+05                                                          
    7830   1.93725e+05                                                          
    7850   1.87609e+05                                                          
    7870   2.01433e+05                                                          
    7890   1.97717e+05                                                          
    7910   1.97715e+05                                                          
    7930   2.03908e+05                                                          
    7950   2.07721e+05                                                          
    7970   2.13288e+05                                                          
    7990   2.20805e+05                                                          
    8010   2.28825e+05                                                          
    8030   2.28040e+05                                                          
    8050   2.34051e+05                                                          
    8070   2.39319e+05                                                          
    8090   2.42003e+05                                                          
    8110   2.49198e+05                                                          
    8130   2.55774e+05                                                          
    8150   2.59088e+05                                                          
    8170   2.60911e+05                                                          
    8190   2.49591e+05                                                          
    8210   2.61720e+05                                                          
    8230   2.65566e+05                                                          
    8250   2.62571e+05                                                          
    8270   2.66264e+05                                                          
    8290   2.64824e+05                                                          
    8310   2.58046e+05                                                          
    8330   2.50864e+05                                                          
    8350   2.54032e+05                                                          
    8370   2.53008e+05                                                          
    8390   2.40525e+05                                                          
    8410   2.46707e+05                                                          
    8430   2.17037e+05                                                          
    8450   1.90685e+05                                                          
    8470   1.97324e+05                                                          
    8490   1.98591e+05                                                          
    8510   1.92841e+05                                                          
    8530   2.02947e+05                                                          
    8550   2.02966e+05                                                          
    8570   2.12992e+05                                                          
    8590   2.17966e+05                                                          
    8610   2.24330e+05                                                          
    8630   2.30537e+05                                                          
    8650   2.36188e+05                                                          
    8670   2.23789e+05                                                          
    8690   2.34527e+05                                                          
    8710   2.45227e+05                                                          
    8730   2.48463e+05                                                          
    8750   2.48942e+05                                                          
    8770   2.50505e+05                                                          
    8790   2.55031e+05                                                          
    8810   2.50816e+05                                                          
    8830   2.52834e+05                                                          
    8850   2.57081e+05                                                          
    8870   2.55420e+05                                                          
    8890   2.59401e+05                                                          
    8910   2.60655e+05                                                          
    8930   2.57940e+05                                                          
    8950   2.57566e+05                                                          
    8970   2.58938e+05                                                          
    8990   2.61318e+05                                                          
    9010   2.53202e+05                                                          
    9030   2.58964e+05                                                          
    9050   2.63268e+05                                                          
    9070   2.64119e+05                                                          
    9090   2.56587e+05                                                          
    9110   2.58207e+05                                                          
    9130   2.61969e+05                                                          
    9150   2.61297e+05                                                          
    9170   2.61884e+05                                                          
    9190   2.62762e+05                                                          
    9210   2.51274e+05                                                          
    9230   2.45555e+05                                                          
    9250   2.44382e+05                                                          
    9270   2.41389e+05                                                          
    9290   2.35182e+05                                                          
    9310   2.39084e+05                                                          
    9330   2.39796e+05                                                          
    9350   2.35863e+05                                                          
    9370   2.33655e+05                                                          
    9390   2.40073e+05                                                          
    9410   2.37767e+05                                                          
    9430   2.39066e+05                                                          
    9450   2.37464e+05                                                          
    9470   2.43188e+05                                                          
    9490   2.43815e+05                                                          
    9510   2.43918e+05                                                          
    9530   2.44532e+05                                                          
    9550   2.41221e+05                                                          
    9570   2.43697e+05                                                          
    9590   2.48562e+05                                                          
    9610   2.44867e+05                                                          
    9630   2.48920e+05                                                          
    9650   2.40034e+05                                                          
    9670   2.41696e+05                                                          
    9690   2.48222e+05                                                          
    9710   2.45611e+05                                                          
    9730   2.43019e+05                                                          
    9750   2.45113e+05                                                          
    9770   2.47339e+05                                                          
    9790   2.41513e+05                                                          
    9810   2.50734e+05                                                          
    9830   2.47630e+05                                                          
    9850   2.51409e+05                                                          
    9870   2.50588e+05                                                          
    9890   2.50544e+05                                                          
    9910   2.49949e+05                                                          
    9930   2.49393e+05                                                          
    9950   2.49639e+05                                                          
    9970   2.49688e+05                                                          
    9990   2.50083e+05                                                          
   10025   2.47409e+05                                                          
   10075   2.46117e+05                                                          
   10125   2.46348e+05                                                          
   10175   2.43933e+05                                                          
   10225   2.41920e+05                                                          
   10275   2.41332e+05                                                          
   10325   2.37313e+05                                                          
   10375   2.36457e+05                                                          
   10425   2.37504e+05                                                          
   10475   2.35592e+05                                                          
   10525   2.36347e+05                                                          
   10575   2.34224e+05                                                          
   10625   2.34808e+05                                                          
   10675   2.31940e+05                                                          
   10725   2.31597e+05                                                          
   10775   2.31177e+05                                                          
   10825   2.28238e+05                                                          
   10875   2.29683e+05                                                          
   10925   2.30047e+05                                                          
   10975   2.28991e+05                                                          
   11025   2.28182e+05                                                          
   11075   2.27641e+05                                                          
   11125   2.26530e+05                                                          
   11175   2.24594e+05                                                          
   11225   2.24758e+05                                                          
   11275   2.21288e+05                                                          
   11325   2.21404e+05                                                          
   11375   2.18267e+05                                                          
   11425   2.15662e+05                                                          
   11475   2.19224e+05                                                          
   11525   2.19420e+05                                                          
   11575   2.17117e+05                                                          
   11625   2.13354e+05                                                          
   11675   2.13686e+05                                                          
   11725   2.15427e+05                                                          
   11775   2.10747e+05                                                          
   11825   2.10864e+05                                                          
   11875   2.08309e+05                                                          
   11925   2.11786e+05                                                          
   11975   2.05514e+05                                                          
   12025   2.09373e+05                                                          
   12075   2.07297e+05                                                          
   12125   2.07834e+05                                                          
   12175   2.07320e+05                                                          
   12225   2.06398e+05                                                          
   12275   2.05189e+05                                                          
   12325   2.04009e+05                                                          
   12375   2.03656e+05                                                          
   12425   2.01896e+05                                                          
   12475   2.01868e+05                                                          
   12525   1.99633e+05                                                          
   12575   1.99838e+05                                                          
   12625   1.98793e+05                                                          
   12675   1.97100e+05                                                          
   12725   1.97250e+05                                                          
   12775   1.97319e+05                                                          
   12825   1.91671e+05                                                          
   12875   1.94019e+05                                                          
   12925   1.91409e+05                                                          
   12975   1.93882e+05                                                          
   13025   1.92156e+05                                                          
   13075   1.92618e+05                                                          
   13125   1.87012e+05                                                          
   13175   1.88317e+05                                                          
   13225   1.90187e+05                                                          
   13275   1.87845e+05                                                          
   13325   1.87789e+05                                                          
   13375   1.88056e+05                                                          
   13425   1.87996e+05                                                          
   13475   1.87508e+05                                                          
   13525   1.86740e+05                                                          
   13575   1.85465e+05                                                          
   13625   1.83370e+05                                                          
   13675   1.84930e+05                                                          
   13725   1.85157e+05                                                          
   13775   1.84144e+05                                                          
   13825   1.84176e+05                                                          
   13875   1.81879e+05                                                          
   13925   1.83371e+05                                                          
   13975   1.83068e+05                                                          
   14025   1.80978e+05                                                          
   14075   1.82310e+05                                                          
   14125   1.81076e+05                                                          
   14175   1.81656e+05                                                          
   14225   1.80233e+05                                                          
   14275   1.75554e+05                                                          
   14325   1.79993e+05                                                          
   14375   1.79887e+05                                                          
   14425   1.77449e+05                                                          
   14475   1.79516e+05                                                          
   14525   1.78100e+05                                                          
   14570   1.77951e+05                                                          
   14620   1.78873e+05                                                          
   14675   1.78732e+05                                                          
   14725   1.76884e+05                                                          
   14775   1.77019e+05                                                          
   14825   1.77791e+05                                                          
   14875   1.74424e+05                                                          
   14925   1.78716e+05                                                          
   14975   1.77412e+05                                                          
   15025   1.69275e+05                                                          
   15075   1.73230e+05                                                          
   15125   1.77528e+05                                                          
   15175   1.76485e+05                                                          
   15225   1.77588e+05                                                          
   15275   1.78237e+05                                                          
   15325   1.77673e+05                                                          
   15375   1.79010e+05                                                          
   15425   1.79434e+05                                                          
   15475   1.79658e+05                                                          
   15525   1.77956e+05                                                          
   15575   1.77576e+05                                                          
   15625   1.78706e+05                                                          
   15675   1.77431e+05                                                          
   15725   1.77667e+05                                                          
   15775   1.71382e+05                                                          
   15825   1.76291e+05                                                          
   15875   1.74716e+05                                                          
   15925   1.77290e+05                                                          
   15975   1.76877e+05                                                          
   16050   1.79418e+05                                                          
   16150   1.77281e+05                                                          
   16250   1.77222e+05                                                          
   16350   1.77043e+05                                                          
   16450   1.74343e+05                                                          
   16550   1.72409e+05                                                          
   16650   1.68917e+05                                                          
   16750   1.63457e+05                                                          
   16850   1.62532e+05                                                          
   16950   1.60415e+05                                                          
   17050   1.55944e+05                                                          
   17150   1.52843e+05                                                          
   17250   1.49972e+05                                                          
   17350   1.47893e+05                                                          
   17450   1.44876e+05                                                          
   17550   1.42338e+05                                                          
   17650   1.40210e+05                                                          
   17750   1.37082e+05                                                          
   17850   1.35610e+05                                                          
   17950   1.32674e+05                                                          
   18050   1.29596e+05                                                          
   18150   1.27764e+05                                                          
   18250   1.25144e+05                                                          
   18350   1.22665e+05                                                          
   18450   1.19254e+05                                                          
   18550   1.18874e+05                                                          
   18650   1.15862e+05                                                          
   18750   1.14230e+05                                                          
   18850   1.12360e+05                                                          
   18950   1.08085e+05                                                          
   19050   1.08618e+05                                                          
   19150   1.06444e+05                                                          
   19250   1.04910e+05                                                          
   19350   1.01116e+05                                                          
   19450   9.91567e+04                                                          
   19550   9.83928e+04                                                          
   19650   9.78659e+04                                                          
   19750   9.41105e+04                                                          
   19850   9.25834e+04                                                          
   19950   9.18655e+04                                                          
   20050   9.21237e+04                                                          
   20150   9.05619e+04                                                          
   20250   8.82016e+04                                                          
   20350   8.71805e+04                                                          
   20450   8.62181e+04                                                          
   20550   8.46655e+04                                                          
   20650   8.30038e+04                                                          
   20750   8.18715e+04                                                          
   20850   8.04012e+04                                                          
   20950   7.84251e+04                                                          
   21050   7.78658e+04                                                          
   21150   7.63457e+04                                                          
   21250   7.53899e+04                                                          
   21350   7.44775e+04                                                          
   21450   7.32764e+04                                                          
   21550   7.20118e+04                                                          
   21650   7.10692e+04                                                          
   21750   6.94007e+04                                                          
   21850   6.86815e+04                                                          
   21950   6.75021e+04                                                          
   22050   6.46542e+04                                                          
   22150   6.57362e+04                                                          
   22250   6.35456e+04                                                          
   22350   6.31270e+04                                                          
   22450   6.22756e+04                                                          
   22550   6.17434e+04                                                          
   22650   5.98881e+04                                                          
   22750   5.99327e+04                                                          
   22850   5.86261e+04                                                          
   22950   5.10789e+04                                                          
   23050   5.37875e+04                                                          
   23150   5.35856e+04                                                          
   23250   4.69009e+04                                                          
   23350   4.94230e+04                                                          
   23450   5.01669e+04                                                          
   23550   4.41892e+04                                                          
   23650   4.72231e+04                                                          
   23750   4.74002e+04                                                          
   23850   4.23951e+04                                                          
   23950   4.46467e+04                                                          
   24050   4.51864e+04                                                          
   24150   4.11613e+04                                                          
   24250   4.27026e+04                                                          
   24350   4.32567e+04                                                          
   24450   4.07391e+04                                                          
   24550   4.03323e+04                                                          
   24650   4.16339e+04                                                          
   24750   4.01882e+04                                                          
   24850   3.86517e+04                                                          
   24950   3.94559e+04                                                          
   25050   4.00856e+04                                                          
   25150   3.75796e+04                                                          
   25250   3.83415e+04                                                          
   25350   3.83120e+04                                                          
   25450   3.73321e+04                                                          
   25550   3.69559e+04                                                          
   25650   3.68232e+04                                                          
   25750   3.67602e+04                                                          
   25850   3.54391e+04                                                          
   25950   3.54959e+04                                                          
   26050   3.54130e+04                                                          
   26150   3.49708e+04                                                          
   26250   3.44230e+04                                                          
   26350   3.42019e+04                                                          
   26450   3.38221e+04                                                          
   26550   3.35134e+04                                                          
   26650   3.27423e+04                                                          
   26750   3.30744e+04                                                          
   26850   3.25890e+04                                                          
   26950   3.20933e+04                                                          
   27050   3.18319e+04                                                          
   27150   3.15067e+04                                                          
   27250   3.11629e+04                                                          
   27350   3.07382e+04                                                          
   27450   3.04828e+04                                                          
   27550   3.02319e+04                                                          
   27650   2.97549e+04                                                          
   27750   2.93617e+04                                                          
   27850   2.90956e+04                                                          
   27950   2.88448e+04                                                          
   28050   2.84566e+04                                                          
   28150   2.80308e+04                                                          
   28250   2.77726e+04                                                          
   28350   2.75128e+04                                                          
   28450   2.71509e+04                                                          
   28550   2.68183e+04                                                          
   28650   2.65116e+04                                                          
   28750   2.62303e+04                                                          
   28850   2.59033e+04                                                          
   28950   2.55930e+04                                                          
   29050   2.52281e+04                                                          
   29150   2.49452e+04                                                          
   29250   2.43601e+04                                                          
   29350   2.43308e+04                                                          
   29450   2.40829e+04                                                          
   29550   2.38048e+04                                                          
   29650   2.35477e+04                                                          
   29750   2.32799e+04                                                          
   29850   2.29680e+04                                                          
   29950   2.26759e+04                                                          
   30050   2.24349e+04                                                          
   30150   2.21900e+04                                                          
   30250   2.18798e+04                                                          
   30350   2.16538e+04                                                          
   30450   2.14277e+04                                                          
   30550   2.11502e+04                                                          
   30650   2.08860e+04                                                          
   30750   2.06781e+04                                                          
   30850   2.03402e+04                                                          
   30950   2.01902e+04                                                          
   31050   1.99670e+04                                                          
   31150   1.96265e+04                                                          
   31250   1.95121e+04                                                          
   31350   1.92732e+04                                                          
   31450   1.90562e+04                                                          
   31550   1.88332e+04                                                          
   31650   1.85791e+04                                                          
   31750   1.84290e+04                                                          
   31850   1.82188e+04                                                          
   31950   1.80180e+04                                                          
   32100   1.77092e+04                                                          
   32300   1.73009e+04                                                          
   32500   1.69252e+04                                                          
   32700   1.65416e+04                                                          
   32900   1.61860e+04                                                          
   33100   1.58202e+04                                                          
   33300   1.54610e+04                                                          
   33500   1.51626e+04                                                          
   33700   1.48248e+04                                                          
   33900   1.44918e+04                                                          
   34100   1.41397e+04                                                          
   34300   1.39029e+04                                                          
   34500   1.36193e+04                                                          
   34700   1.33323e+04                                                          
   34900   1.30549e+04                                                          
   35100   1.27927e+04                                                          
   35300   1.25172e+04                                                          
   35500   1.22700e+04                                                          
   35700   1.20116e+04                                                          
   35900   1.17692e+04                                                          
   36100   1.15389e+04                                                          
   36300   1.13065e+04                                                          
   36500   1.10713e+04                                                          
   36700   1.08388e+04                                                          
   36900   1.06054e+04                                                          
   37100   1.03912e+04                                                          
   37300   1.02137e+04                                                          
   37500   1.00061e+04                                                          
   37700   9.82764e+03                                                          
   37900   9.63487e+03                                                          
   38100   9.45467e+03                                                          
   38300   9.27934e+03                                                          
   38500   9.10228e+03                                                          
   38700   8.88674e+03                                                          
   38900   8.75122e+03                                                          
   39100   8.59839e+03                                                          
   39300   8.43656e+03                                                          
   39500   8.24912e+03                                                          
   39700   8.11372e+03                                                          
   39900   7.92713e+03                                                          
   40100   7.80723e+03                                                          
   40300   7.68563e+03                                                          
   40500   7.51999e+03                                                          
   40700   7.40500e+03                                                          
   40900   7.27398e+03                                                          
   41100   7.14159e+03                                                          
   41300   7.01909e+03                                                          
   41500   6.89179e+03                                                          
   41700   6.76929e+03                                                          
   41900   6.62210e+03                                                          
   42100   6.50893e+03                                                          
   42300   6.42253e+03                                                          
   42500   6.30201e+03                                                          
   42700   6.20095e+03                                                          
   42900   5.79200e+03                                                          
   43100   5.35815e+03                                                          
   43300   5.35187e+03                                                          
   43500   5.02229e+03                                                          
   43700   4.80631e+03                                                          
   43900   4.66904e+03                                                          
   44100   4.44587e+03                                                          
   44300   4.32583e+03                                                          
   44500   4.25403e+03                                                          
   44700   4.06397e+03                                                          
   44900   4.05693e+03                                                          
   45100   3.92246e+03                                                          
   45300   3.83349e+03                                                          
   45500   3.82257e+03                                                          
   45700   3.78620e+03                                                          
   45900   3.66306e+03                                                          
   46100   3.69099e+03                                                          
   46300   3.62080e+03                                                          
   46500   3.61301e+03                                                          
   46700   3.62667e+03                                                          
   46900   3.53818e+03                                                          
   47100   3.47690e+03                                                          
   47300   3.52249e+03                                                          
   47500   3.41348e+03                                                          
   47700   3.37533e+03                                                          
   47900   3.37458e+03                                                          
   48100   3.25458e+03                                                          
   48300   3.30581e+03                                                          
   48500   3.24629e+03                                                          
   48700   3.16128e+03                                                          
   48900   3.10468e+03                                                          
   49100   3.09745e+03                                                          
   49300   3.03215e+03                                                          
   49500   2.97310e+03                                                          
   49700   2.97636e+03                                                          
   49900   2.93622e+03                                                          
   50100   2.88473e+03                                                          
   50300   2.85696e+03                                                          
   50500   2.79022e+03                                                          
   50700   2.78728e+03                                                          
   50900   2.75015e+03                                                          
   51100   2.69477e+03                                                          
   51300   2.71340e+03                                                          
   51500   2.64529e+03                                                          
   51700   2.64183e+03                                                          
   51900   2.58994e+03                                                          
   52100   2.58140e+03                                                          
   52300   2.52439e+03                                                          
   52500   2.51477e+03                                                          
   52700   2.50906e+03                                                          
   52900   2.44028e+03                                                          
   53100   2.42062e+03                                                          
   53300   2.40662e+03                                                          
   53500   2.38041e+03                                                          
   53700   2.36363e+03                                                          
   53900   2.33629e+03                                                          
   54100   2.31262e+03                                                          
   54300   2.26007e+03                                                          
   54500   2.26289e+03                                                          
   54700   2.23106e+03                                                          
   54900   2.20557e+03                                                          
   55100   2.18125e+03                                                          
   55300   2.19969e+03                                                          
   55500   2.12617e+03                                                          
   55700   2.13698e+03                                                          
   55900   2.09973e+03                                                          
   56100   2.08280e+03                                                          
   56300   2.04465e+03                                                          
   56500   2.04091e+03                                                          
   56700   2.01908e+03                                                          
   56900   1.98161e+03                                                          
   57100   1.98018e+03                                                          
   57300   1.95305e+03                                                          
   57500   1.93264e+03                                                          
   57700   1.90579e+03                                                          
   57900   1.89769e+03                                                          
   58100   1.86397e+03                                                          
   58300   1.84697e+03                                                          
   58500   1.82876e+03                                                          
   58700   1.79899e+03                                                          
   58900   1.78081e+03                                                          
   59100   1.76521e+03                                                          
   59300   1.74524e+03                                                          
   59500   1.72302e+03                                                          
   59700   1.70968e+03                                                          
   59900   1.68876e+03                                                          
   60100   1.67057e+03                                                          
   60300   1.65017e+03                                                          
   60500   1.62509e+03                                                          
   60700   1.60760e+03                                                          
   60900   1.59130e+03                                                          
   61100   1.56943e+03                                                          
   61300   1.55474e+03                                                          
   61500   1.53792e+03                                                          
   61700   1.52085e+03                                                          
   61900   1.50440e+03                                                          
   62100   1.48811e+03                                                          
   62300   1.46995e+03                                                          
   62500   1.45015e+03                                                          
   62700   1.43191e+03                                                          
   62900   1.41843e+03                                                          
   63100   1.40077e+03                                                          
   63300   1.38906e+03                                                          
   63500   1.37025e+03                                                          
   63700   1.35835e+03                                                          
   63900   1.33972e+03                                                          
   64200   1.31775e+03                                                          
   64600   1.28737e+03                                                          
   65000   1.25855e+03                                                          
   65400   1.23025e+03                                                          
   65800   1.20301e+03                                                          
   66200   1.17557e+03                                                          
   66600   1.14930e+03                                                          
   67000   1.12386e+03                                                          
   67400   1.09850e+03                                                          
   67800   1.07399e+03                                                          
   68200   1.04986e+03                                                          
   68600   1.02728e+03                                                          
   69000   1.00470e+03                                                          
   69400   9.82743e+02                                                          
   69800   9.61445e+02                                                          
   70200   9.40372e+02                                                          
   70600   9.20268e+02                                                          
   71000   9.00579e+02                                                          
   71400   8.81390e+02                                                          
   71800   8.62548e+02                                                          
   72200   8.44437e+02                                                          
   72600   8.26648e+02                                                          
   73000   8.09355e+02                                                          
   73400   7.92055e+02                                                          
   73800   7.75919e+02                                                          
   74200   7.58994e+02                                                          
   74600   7.43787e+02                                                          
   75000   7.28413e+02                                                          
   75400   7.13238e+02                                                          
   75800   6.99991e+02                                                          
   76200   6.85887e+02                                                          
   76600   6.72162e+02                                                          
   77000   6.58664e+02                                                          
   77400   6.45688e+02                                                          
   77800   6.32964e+02                                                          
   78200   6.20544e+02                                                          
   78600   6.08401e+02                                                          
   79000   5.96511e+02                                                          
   79400   5.85018e+02                                                          
   79800   5.73764e+02                                                          
   80200   5.62294e+02                                                          
   80600   5.51890e+02                                                          
   81000   5.41409e+02                                                          
   81400   5.31232e+02                                                          
   81800   5.21300e+02                                                          
   82200   5.11536e+02                                                          
   82600   5.02006e+02                                                          
   83000   4.92654e+02                                                          
   83400   4.83250e+02                                                          
   83800   4.74276e+02                                                          
   84200   4.65839e+02                                                          
   84600   4.57239e+02                                                          
   85000   4.49046e+02                                                          
   85400   4.41034e+02                                                          
   85800   4.33152e+02                                                          
   86200   4.25398e+02                                                          
   86600   4.17831e+02                                                          
   87000   4.10354e+02                                                          
   87400   4.03169e+02                                                          
   87800   3.96050e+02                                                          
   88200   3.89090e+02                                                          
   88600   3.82316e+02                                                          
   89000   3.75662e+02                                                          
   89400   3.69202e+02                                                          
   89800   3.62560e+02                                                          
   90200   3.56625e+02                                                          
   90600   3.50546e+02                                                          
   91000   3.44097e+02                                                          
   91400   3.38594e+02                                                          
   91800   3.32790e+02                                                          
   92200   3.27454e+02                                                          
   92600   3.21974e+02                                                          
   93000   3.16631e+02                                                          
   93400   3.11368e+02                                                          
   93800   3.06238e+02                                                          
   94200   3.01197e+02                                                          
   94600   2.96243e+02                                                          
   95000   2.91415e+02                                                          
   95400   2.86671e+02                                                          
   95800   2.82060e+02                                                          
   96200   2.77504e+02                                                          
   96600   2.73052e+02                                                          
   97000   2.68689e+02                                                          
   97400   2.64236e+02                                                          
   97800   2.60199e+02                                                          
   98200   2.56093e+02                                                          
   98600   2.52059e+02                                                          
   99000   2.48117e+02                                                          
   99400   2.44243e+02                                                          
   99800   2.40435e+02                                                          
  100200   2.36716e+02                                                          
  200000   1.55059e+01                                                          
  400000   9.76949e-01                                                          
  600000   1.92663e-01                                                          
  800000   6.07867e-02                                                          
 1000000   2.48252e-02                                                          
 1200000   1.19384e-02                                                          
 1400000   6.42718e-03                                                          
 1600000   3.75846e-03                                                          
