      91   1.00000e-21
      94   1.00000e-21                                                          
      96   1.00000e-21                                                          
      98   1.00000e-21                                                          
     100   1.00000e-21                                                          
     102   1.00000e-21                                                          
     104   1.00000e-21                                                          
     106   1.00000e-21                                                          
     108   1.00000e-21                                                          
     110   1.00000e-21                                                          
     114   1.00000e-21                                                          
     118   1.00000e-21                                                          
     121   1.00000e-21                                                          
     125   1.00000e-21                                                          
     127   1.00000e-21                                                          
     128   1.00000e-21                                                          
     130   1.00000e-21                                                          
     132   1.00000e-21                                                          
     134   1.00000e-21                                                          
     137   1.00000e-21                                                          
     140   1.00000e-21                                                          
     143   1.00000e-21                                                          
     147   1.00000e-21                                                          
     151   1.00000e-21                                                          
     155   1.00000e-21                                                          
     159   1.00000e-21                                                          
     162   1.00000e-21                                                          
     166   1.00000e-21                                                          
     170   1.00000e-21                                                          
     173   1.00000e-21                                                          
     177   1.00000e-21                                                          
     180   1.00000e-21                                                          
     182   1.00000e-21                                                          
     186   1.00000e-21                                                          
     191   1.00000e-21                                                          
     194   1.00000e-21                                                          
     198   1.00000e-21                                                          
     202   1.00000e-21                                                          
     205   1.00000e-21                                                          
     210   1.00000e-21                                                          
     216   1.00000e-21                                                          
     220   1.00000e-21                                                          
     223   1.00000e-21                                                          
     227   1.00000e-21                                                          
     230   1.00000e-21                                                          
     234   1.00000e-21                                                          
     240   1.00000e-21                                                          
     246   1.00000e-21                                                          
     252   1.00000e-21                                                          
     257   1.00000e-21                                                          
     260   1.00000e-21                                                          
     264   1.00000e-21                                                          
     268   1.00000e-21                                                          
     274   1.00000e-21                                                          
     278   1.00000e-21                                                          
     284   1.00000e-21                                                          
     290   1.00000e-21                                                          
     296   1.00000e-21                                                          
     301   1.00000e-21                                                          
     308   1.00000e-21                                                          
     318   1.00000e-21                                                          
     328   1.00000e-21                                                          
     338   1.00000e-21                                                          
     348   1.00000e-21                                                          
     357   1.00000e-21                                                          
     366   1.00000e-21                                                          
     375   1.00000e-21                                                          
     385   1.00000e-21                                                          
     395   1.00000e-21                                                          
     405   1.00000e-21                                                          
     414   1.00000e-21                                                          
     422   1.00000e-21                                                          
     430   1.00000e-21                                                          
     441   1.00000e-21                                                          
     451   1.00000e-21                                                          
     460   1.00000e-21                                                          
     470   1.00000e-21                                                          
     480   1.00000e-21                                                          
     490   1.00000e-21                                                          
     500   1.00000e-21                                                          
     506   1.00000e-21                                                          
     512   1.00000e-21                                                          
     520   1.00000e-21                                                          
     530   1.00000e-21                                                          
     540   1.00000e-21                                                          
     550   1.00000e-21                                                          
     560   1.00000e-21                                                          
     570   1.00000e-21                                                          
     580   1.00000e-21                                                          
     590   1.00000e-21                                                          
     600   1.00000e-21                                                          
     610   1.00000e-21                                                          
     620   1.00000e-21                                                          
     630   1.00000e-21                                                          
     640   1.00000e-21                                                          
     650   1.00000e-21                                                          
     658   1.00000e-21                                                          
     665   1.00000e-21                                                          
     675   1.00000e-21                                                          
     685   1.00000e-21                                                          
     695   1.00000e-21                                                          
     705   1.00000e-21                                                          
     716   1.00000e-21                                                          
     726   1.00000e-21                                                          
     735   1.00000e-21                                                          
     745   1.00000e-21                                                          
     755   1.00000e-21                                                          
     765   1.00000e-21                                                          
     775   1.00000e-21                                                          
     785   1.00000e-21                                                          
     795   1.00000e-21                                                          
     805   1.00000e-21                                                          
     815   1.00000e-21                                                          
     825   1.00000e-21                                                          
     835   1.00000e-21                                                          
     845   1.00000e-21                                                          
     855   1.00000e-21                                                          
     865   1.00000e-21                                                          
     875   1.00000e-21                                                          
     885   1.00000e-21                                                          
     895   1.00000e-21                                                          
     905   1.00000e-21                                                          
     915   1.00000e-21                                                          
     925   1.53830e-13                                                          
     935   2.02366e-13                                                          
     945   3.73720e-13                                                          
     955   3.80463e-13                                                          
     965   8.59253e-13                                                          
     975   1.02705e-12                                                          
     985   1.64841e-12                                                          
     995   3.13230e-12                                                          
    1005   4.63581e-12                                                          
    1015   6.94715e-12                                                          
    1025   9.48071e-12                                                          
    1035   2.34142e-11                                                          
    1045   3.79498e-11                                                          
    1055   4.27791e-11                                                          
    1065   9.64728e-11                                                          
    1075   1.54708e-10                                                          
    1085   2.87430e-10                                                          
    1095   4.31922e-10                                                          
    1105   5.62646e-10                                                          
    1115   8.70423e-10                                                          
    1125   1.93061e-09                                                          
    1135   3.62136e-09                                                          
    1145   6.00571e-09                                                          
    1155   8.93248e-09                                                          
    1165   1.20304e-08                                                          
    1175   1.94221e-08                                                          
    1185   2.34228e-08                                                          
    1195   2.61545e-08                                                          
    1205   2.09190e-08                                                          
    1215   1.20800e-08                                                          
    1225   3.60944e-08                                                          
    1235   1.00896e-07                                                          
    1245   1.60686e-07                                                          
    1255   2.38026e-07                                                          
    1265   2.94707e-07                                                          
    1275   4.27766e-07                                                          
    1285   4.39987e-07                                                          
    1295   5.71031e-07                                                          
    1305   7.22590e-07                                                          
    1315   9.35217e-07                                                          
    1325   1.10646e-06                                                          
    1335   1.28609e-06                                                          
    1345   1.73310e-06                                                          
    1355   2.27950e-06                                                          
    1365   2.65337e-06                                                          
    1375   2.90484e-06                                                          
    1385   3.53732e-06                                                          
    1395   4.22113e-06                                                          
    1405   5.81056e-06                                                          
    1415   7.07083e-06                                                          
    1425   8.26523e-06                                                          
    1435   1.12566e-05                                                          
    1442   1.52312e-05                                                          
    1447   1.30529e-05                                                          
    1455   1.65010e-05                                                          
    1465   2.34646e-05                                                          
    1475   2.90028e-05                                                          
    1485   3.00828e-05                                                          
    1495   4.64092e-05                                                          
    1505   6.21444e-05                                                          
    1512   4.00537e-05                                                          
    1517   6.15507e-05                                                          
    1525   9.08701e-05                                                          
    1535   1.20934e-04                                                          
    1545   9.71684e-05                                                          
    1555   1.44514e-04                                                          
    1565   1.51985e-04                                                          
    1575   2.70388e-04                                                          
    1585   2.93298e-04                                                          
    1595   2.97852e-04                                                          
    1605   3.33334e-04                                                          
    1615   3.68635e-04                                                          
    1625   4.09810e-04                                                          
    1635   5.16322e-04                                                          
    1645   6.54663e-04                                                          
    1655   6.86485e-04                                                          
    1665   9.06874e-04                                                          
    1672   8.60177e-04                                                          
    1677   1.10893e-03                                                          
    1685   1.40987e-03                                                          
    1695   1.85667e-03                                                          
    1705   2.05198e-03                                                          
    1715   2.32289e-03                                                          
    1725   2.94881e-03                                                          
    1735   3.43009e-03                                                          
    1745   4.42921e-03                                                          
    1755   4.73201e-03                                                          
    1765   5.85030e-03                                                          
    1775   5.85992e-03                                                          
    1785   9.35369e-03                                                          
    1795   8.70303e-03                                                          
    1805   1.34267e-02                                                          
    1815   1.10761e-02                                                          
    1825   1.60615e-02                                                          
    1835   1.52452e-02                                                          
    1845   2.07123e-02                                                          
    1855   1.84077e-02                                                          
    1865   2.74464e-02                                                          
    1875   2.66421e-02                                                          
    1885   3.31092e-02                                                          
    1895   4.00522e-02                                                          
    1905   4.36708e-02                                                          
    1915   5.89509e-02                                                          
    1925   5.31591e-02                                                          
    1935   4.46107e-02                                                          
    1945   7.29039e-02                                                          
    1955   9.80728e-02                                                          
    1967   1.06906e-01                                                          
    1976   1.23213e-01                                                          
    1984   1.53091e-01                                                          
    1995   1.42610e-01                                                          
    2005   1.65681e-01                                                          
    2015   1.87943e-01                                                          
    2025   1.85711e-01                                                          
    2035   2.25522e-01                                                          
    2045   2.38144e-01                                                          
    2055   2.79615e-01                                                          
    2065   2.77015e-01                                                          
    2074   2.72645e-01                                                          
    2078   4.48194e-01                                                          
    2085   5.79141e-01                                                          
    2095   6.29171e-01                                                          
    2105   5.80421e-01                                                          
    2115   6.00574e-01                                                          
    2125   6.84455e-01                                                          
    2135   8.68053e-01                                                          
    2145   7.18065e-01                                                          
    2155   8.64487e-01                                                          
    2165   8.68442e-01                                                          
    2175   9.54773e-01                                                          
    2185   9.08930e-01                                                          
    2195   1.41610e+00                                                          
    2205   1.23229e+00                                                          
    2215   1.48843e+00                                                          
    2225   1.36284e+00                                                          
    2235   2.11618e+00                                                          
    2245   2.34710e+00                                                          
    2255   2.89710e+00                                                          
    2265   1.72776e+00                                                          
    2275   3.07576e+00                                                          
    2285   2.98390e+00                                                          
    2295   4.76433e+00                                                          
    2305   2.16872e+00                                                          
    2315   5.98642e+00                                                          
    2325   4.83761e+00                                                          
    2335   7.31019e+00                                                          
    2345   4.85554e+00                                                          
    2355   4.37762e+00                                                          
    2365   5.71904e+00                                                          
    2375   5.60826e+00                                                          
    2385   9.12434e+00                                                          
    2395   8.45604e+00                                                          
    2405   1.44495e+01                                                          
    2415   9.60718e+00                                                          
    2425   1.19643e+01                                                          
    2435   1.69936e+01                                                          
    2445   2.28058e+01                                                          
    2455   2.62714e+01                                                          
    2465   1.74931e+01                                                          
    2475   3.00711e+01                                                          
    2485   1.26853e+01                                                          
    2495   1.49205e+01                                                          
    2505   2.71881e+01                                                          
    2513   2.01755e+01                                                          
    2518   2.21173e+01                                                          
    2525   2.63359e+01                                                          
    2535   5.24549e+01                                                          
    2545   6.40332e+01                                                          
    2555   6.89245e+01                                                          
    2565   4.06253e+01                                                          
    2575   6.20327e+01                                                          
    2585   4.79957e+01                                                          
    2595   5.64270e+01                                                          
    2605   7.56680e+01                                                          
    2615   7.05011e+01                                                          
    2625   1.03426e+02                                                          
    2635   1.49559e+02                                                          
    2645   1.24959e+02                                                          
    2655   1.60041e+02                                                          
    2665   1.50062e+02                                                          
    2675   1.31032e+02                                                          
    2685   1.74006e+02                                                          
    2695   1.31431e+02                                                          
    2705   1.97435e+02                                                          
    2715   1.99319e+02                                                          
    2725   1.80127e+02                                                          
    2735   1.87741e+02                                                          
    2745   2.55318e+02                                                          
    2755   2.42867e+02                                                          
    2765   3.13924e+02                                                          
    2775   4.04788e+02                                                          
    2785   2.92997e+02                                                          
    2795   3.72322e+02                                                          
    2805   3.83602e+02                                                          
    2815   4.03354e+02                                                          
    2825   4.30060e+02                                                          
    2835   4.00727e+02                                                          
    2845   3.34193e+02                                                          
    2855   1.88047e+02                                                          
    2865   4.83015e+02                                                          
    2875   5.00871e+02                                                          
    2885   6.98044e+02                                                          
    2895   7.92972e+02                                                          
    2910   9.16785e+02                                                          
    2930   9.64795e+02                                                          
    2950   9.72620e+02                                                          
    2970   9.75688e+02                                                          
    2990   1.12569e+03                                                          
    3010   1.20802e+03                                                          
    3030   1.38544e+03                                                          
    3050   1.64307e+03                                                          
    3070   1.74006e+03                                                          
    3090   1.80464e+03                                                          
    3110   2.39534e+03                                                          
    3130   2.42395e+03                                                          
    3150   3.31514e+03                                                          
    3170   4.84076e+03                                                          
    3190   3.78732e+03                                                          
    3210   4.65500e+03                                                          
    3230   4.72362e+03                                                          
    3250   7.61315e+03                                                          
    3270   1.03278e+04                                                          
    3290   1.35592e+04                                                          
    3310   1.09813e+04                                                          
    3330   1.27196e+04                                                          
    3350   1.24891e+04                                                          
    3370   7.98817e+03                                                          
    3390   1.01705e+04                                                          
    3410   1.13079e+04                                                          
    3430   1.25025e+04                                                          
    3450   1.17645e+04                                                          
    3470   1.17667e+04                                                          
    3490   1.60558e+04                                                          
    3510   2.31413e+04                                                          
    3530   2.13073e+04                                                          
    3550   3.11113e+04                                                          
    3570   1.32620e+04                                                          
    3590   1.20037e+04                                                          
    3610   1.96548e+04                                                          
    3630   2.62533e+04                                                          
    3640   3.03956e+04                                                          
    3650   3.73950e+04                                                          
    3670   5.03470e+04                                                          
    3690   3.41703e+04                                                          
    3710   2.64575e+04                                                          
    3730   1.27934e+04                                                          
    3750   1.59096e+04                                                          
    3770   3.82002e+04                                                          
    3790   4.24666e+04                                                          
    3810   3.62582e+04                                                          
    3830   1.55986e+04                                                          
    3850   2.72397e+04                                                          
    3870   2.46946e+04                                                          
    3890   2.82071e+04                                                          
    3910   4.25166e+04                                                          
    3930   1.74554e+04                                                          
    3950   3.60477e+04                                                          
    3970   2.45702e+04                                                          
    3990   7.87289e+04                                                          
    4010   1.03077e+05                                                          
    4030   8.33909e+04                                                          
    4050   8.63783e+04                                                          
    4070   7.32392e+04                                                          
    4090   1.23959e+05                                                          
    4110   8.24762e+04                                                          
    4130   9.05517e+04                                                          
    4150   8.66522e+04                                                          
    4170   8.81608e+04                                                          
    4190   9.15151e+04                                                          
    4210   7.25357e+04                                                          
    4230   3.89603e+04                                                          
    4250   7.51070e+04                                                          
    4270   7.64505e+04                                                          
    4290   7.81307e+04                                                          
    4310   8.34754e+04                                                          
    4330   1.29838e+05                                                          
    4350   1.47348e+05                                                          
    4370   1.55597e+05                                                          
    4390   1.23395e+05                                                          
    4410   1.25564e+05                                                          
    4430   1.37076e+05                                                          
    4450   1.49647e+05                                                          
    4470   1.73134e+05                                                          
    4490   1.81956e+05                                                          
    4510   2.25707e+05                                                          
    4530   1.70383e+05                                                          
    4550   1.96403e+05                                                          
    4570   2.22730e+05                                                          
    4590   2.06274e+05                                                          
    4610   2.16901e+05                                                          
    4630   2.12889e+05                                                          
    4650   2.04911e+05                                                          
    4670   2.28206e+05                                                          
    4690   2.16788e+05                                                          
    4710   2.00400e+05                                                          
    4730   1.94565e+05                                                          
    4750   1.86940e+05                                                          
    4770   1.53580e+05                                                          
    4790   1.69385e+05                                                          
    4810   2.05132e+05                                                          
    4830   2.09523e+05                                                          
    4850   2.24805e+05                                                          
    4870   2.13755e+05                                                          
    4890   2.25205e+05                                                          
    4910   2.23135e+05                                                          
    4930   2.06482e+05                                                          
    4950   1.97378e+05                                                          
    4970   1.77320e+05                                                          
    4990   1.61155e+05                                                          
    5010   1.40216e+05                                                          
    5030   1.53915e+05                                                          
    5050   1.45297e+05                                                          
    5070   1.37388e+05                                                          
    5090   1.33816e+05                                                          
    5110   1.39737e+05                                                          
    5130   1.32230e+05                                                          
    5150   1.23459e+05                                                          
    5170   1.17768e+05                                                          
    5190   1.33361e+05                                                          
    5210   1.60353e+05                                                          
    5230   2.33890e+05                                                          
    5250   2.60509e+05                                                          
    5270   2.04287e+05                                                          
    5290   2.72289e+05                                                          
    5310   3.00472e+05                                                          
    5330   2.45715e+05                                                          
    5350   2.77679e+05                                                          
    5370   2.70092e+05                                                          
    5390   2.65264e+05                                                          
    5410   2.62720e+05                                                          
    5430   2.59235e+05                                                          
    5450   2.47791e+05                                                          
    5470   2.63910e+05                                                          
    5490   2.73449e+05                                                          
    5510   2.63216e+05                                                          
    5530   2.93325e+05                                                          
    5550   2.98526e+05                                                          
    5570   2.95215e+05                                                          
    5590   2.78025e+05                                                          
    5610   2.88189e+05                                                          
    5630   3.03276e+05                                                          
    5650   3.22207e+05                                                          
    5670   3.12634e+05                                                          
    5690   3.24948e+05                                                          
    5710   3.09295e+05                                                          
    5730   3.42918e+05                                                          
    5750   3.38499e+05                                                          
    5770   3.36524e+05                                                          
    5790   3.22495e+05                                                          
    5810   3.36414e+05                                                          
    5830   3.50928e+05                                                          
    5850   3.37860e+05                                                          
    5870   3.36316e+05                                                          
    5890   2.93829e+05                                                          
    5910   3.34601e+05                                                          
    5930   3.35711e+05                                                          
    5950   3.35541e+05                                                          
    5970   3.45308e+05                                                          
    5990   3.41669e+05                                                          
    6010   3.39830e+05                                                          
    6030   3.53278e+05                                                          
    6050   3.59792e+05                                                          
    6070   3.58955e+05                                                          
    6090   3.49035e+05                                                          
    6110   3.50480e+05                                                          
    6130   3.26209e+05                                                          
    6150   3.44699e+05                                                          
    6170   2.97987e+05                                                          
    6190   3.35094e+05                                                          
    6210   3.23704e+05                                                          
    6230   3.11711e+05                                                          
    6250   3.05397e+05                                                          
    6270   3.19308e+05                                                          
    6290   3.34314e+05                                                          
    6310   3.29307e+05                                                          
    6330   3.35100e+05                                                          
    6350   3.37900e+05                                                          
    6370   3.38353e+05                                                          
    6390   3.47075e+05                                                          
    6410   3.36449e+05                                                          
    6430   3.39144e+05                                                          
    6450   3.30934e+05                                                          
    6470   3.28690e+05                                                          
    6490   3.24077e+05                                                          
    6510   3.41584e+05                                                          
    6530   3.48269e+05                                                          
    6550   3.41450e+05                                                          
    6570   3.41652e+05                                                          
    6590   3.44883e+05                                                          
    6610   3.45956e+05                                                          
    6630   3.45590e+05                                                          
    6650   3.47881e+05                                                          
    6670   3.33075e+05                                                          
    6690   3.21950e+05                                                          
    6710   2.99818e+05                                                          
    6730   3.05161e+05                                                          
    6750   2.97302e+05                                                          
    6770   2.97432e+05                                                          
    6790   2.91521e+05                                                          
    6810   2.99171e+05                                                          
    6830   3.08270e+05                                                          
    6850   3.04811e+05                                                          
    6870   3.10814e+05                                                          
    6890   3.19520e+05                                                          
    6910   3.26539e+05                                                          
    6930   3.26355e+05                                                          
    6950   3.33317e+05                                                          
    6970   3.43798e+05                                                          
    6990   3.40263e+05                                                          
    7010   3.46085e+05                                                          
    7030   3.52344e+05                                                          
    7050   3.58261e+05                                                          
    7070   3.42394e+05                                                          
    7090   3.03728e+05                                                          
    7110   2.68337e+05                                                          
    7130   2.54308e+05                                                          
    7150   2.50143e+05                                                          
    7170   2.65078e+05                                                          
    7190   2.65067e+05                                                          
    7210   2.68350e+05                                                          
    7230   2.90290e+05                                                          
    7250   2.99276e+05                                                          
    7270   3.13060e+05                                                          
    7290   3.20280e+05                                                          
    7310   3.31008e+05                                                          
    7330   3.33400e+05                                                          
    7350   3.38291e+05                                                          
    7370   3.49925e+05                                                          
    7390   3.50032e+05                                                          
    7410   3.50088e+05                                                          
    7430   3.56895e+05                                                          
    7450   3.55889e+05                                                          
    7470   3.61894e+05                                                          
    7490   3.61696e+05                                                          
    7510   3.66065e+05                                                          
    7530   3.69241e+05                                                          
    7550   3.70696e+05                                                          
    7570   3.69409e+05                                                          
    7590   3.66466e+05                                                          
    7610   3.62595e+05                                                          
    7630   3.52746e+05                                                          
    7650   3.40987e+05                                                          
    7670   3.20518e+05                                                          
    7690   3.24815e+05                                                          
    7710   3.17000e+05                                                          
    7730   3.18793e+05                                                          
    7750   3.16870e+05                                                          
    7770   3.18797e+05                                                          
    7790   3.24869e+05                                                          
    7810   3.24386e+05                                                          
    7830   3.19289e+05                                                          
    7850   3.14628e+05                                                          
    7870   3.28481e+05                                                          
    7890   3.24372e+05                                                          
    7910   3.21373e+05                                                          
    7930   3.24941e+05                                                          
    7950   3.23232e+05                                                          
    7970   3.33750e+05                                                          
    7990   3.36571e+05                                                          
    8010   3.39677e+05                                                          
    8030   3.38954e+05                                                          
    8050   3.41639e+05                                                          
    8070   3.43244e+05                                                          
    8090   3.43235e+05                                                          
    8110   3.48253e+05                                                          
    8130   3.53799e+05                                                          
    8150   3.54971e+05                                                          
    8170   3.55032e+05                                                          
    8190   3.36102e+05                                                          
    8210   3.49286e+05                                                          
    8230   3.53875e+05                                                          
    8250   3.51686e+05                                                          
    8270   3.57632e+05                                                          
    8290   3.55489e+05                                                          
    8310   3.47008e+05                                                          
    8330   3.40591e+05                                                          
    8350   3.44104e+05                                                          
    8370   3.43797e+05                                                          
    8390   3.25908e+05                                                          
    8410   3.40517e+05                                                          
    8430   3.16393e+05                                                          
    8450   3.07205e+05                                                          
    8470   3.10570e+05                                                          
    8490   3.12769e+05                                                          
    8510   3.01200e+05                                                          
    8530   3.15264e+05                                                          
    8550   3.04474e+05                                                          
    8570   3.22484e+05                                                          
    8590   3.22577e+05                                                          
    8610   3.24574e+05                                                          
    8630   3.29238e+05                                                          
    8650   3.34593e+05                                                          
    8670   3.11403e+05                                                          
    8690   3.21198e+05                                                          
    8710   3.34646e+05                                                          
    8730   3.35711e+05                                                          
    8750   3.35681e+05                                                          
    8770   3.35150e+05                                                          
    8790   3.38484e+05                                                          
    8810   3.28205e+05                                                          
    8830   3.32503e+05                                                          
    8850   3.37692e+05                                                          
    8870   3.35150e+05                                                          
    8890   3.40638e+05                                                          
    8910   3.41165e+05                                                          
    8930   3.35594e+05                                                          
    8950   3.34006e+05                                                          
    8970   3.35499e+05                                                          
    8990   3.37450e+05                                                          
    9010   3.24313e+05                                                          
    9030   3.32878e+05                                                          
    9050   3.39476e+05                                                          
    9070   3.39322e+05                                                          
    9090   3.27744e+05                                                          
    9110   3.30135e+05                                                          
    9130   3.35164e+05                                                          
    9150   3.34288e+05                                                          
    9170   3.34172e+05                                                          
    9190   3.36780e+05                                                          
    9210   3.28109e+05                                                          
    9230   3.27758e+05                                                          
    9250   3.23525e+05                                                          
    9270   3.22201e+05                                                          
    9290   3.18383e+05                                                          
    9310   3.22952e+05                                                          
    9330   3.22285e+05                                                          
    9350   3.19166e+05                                                          
    9370   3.14418e+05                                                          
    9390   3.20601e+05                                                          
    9410   3.15204e+05                                                          
    9430   3.19761e+05                                                          
    9450   3.13615e+05                                                          
    9470   3.20261e+05                                                          
    9490   3.20950e+05                                                          
    9510   3.19456e+05                                                          
    9530   3.18829e+05                                                          
    9550   3.12854e+05                                                          
    9570   3.14795e+05                                                          
    9590   3.20772e+05                                                          
    9610   3.14984e+05                                                          
    9630   3.18695e+05                                                          
    9650   3.06494e+05                                                          
    9670   3.07753e+05                                                          
    9690   3.15539e+05                                                          
    9710   3.11697e+05                                                          
    9730   3.08188e+05                                                          
    9750   3.09649e+05                                                          
    9770   3.11888e+05                                                          
    9790   3.04196e+05                                                          
    9810   3.15792e+05                                                          
    9830   3.11480e+05                                                          
    9850   3.16038e+05                                                          
    9870   3.13983e+05                                                          
    9890   3.13634e+05                                                          
    9910   3.12967e+05                                                          
    9930   3.12231e+05                                                          
    9950   3.12128e+05                                                          
    9970   3.12107e+05                                                          
    9990   3.12012e+05                                                          
   10025   3.08692e+05                                                          
   10075   3.06356e+05                                                          
   10125   3.06847e+05                                                          
   10175   3.03874e+05                                                          
   10225   3.02377e+05                                                          
   10275   3.02099e+05                                                          
   10325   2.96863e+05                                                          
   10375   2.95557e+05                                                          
   10425   2.96701e+05                                                          
   10475   2.93734e+05                                                          
   10525   2.94338e+05                                                          
   10575   2.90832e+05                                                          
   10625   2.90852e+05                                                          
   10675   2.86745e+05                                                          
   10725   2.86079e+05                                                          
   10775   2.84618e+05                                                          
   10825   2.80091e+05                                                          
   10875   2.81811e+05                                                          
   10925   2.82894e+05                                                          
   10975   2.80482e+05                                                          
   11025   2.80193e+05                                                          
   11075   2.79790e+05                                                          
   11125   2.78017e+05                                                          
   11175   2.75237e+05                                                          
   11225   2.75437e+05                                                          
   11275   2.70405e+05                                                          
   11325   2.70697e+05                                                          
   11375   2.66941e+05                                                          
   11425   2.63544e+05                                                          
   11475   2.67964e+05                                                          
   11525   2.68217e+05                                                          
   11575   2.65019e+05                                                          
   11625   2.60206e+05                                                          
   11675   2.60965e+05                                                          
   11725   2.63114e+05                                                          
   11775   2.57286e+05                                                          
   11825   2.56393e+05                                                          
   11875   2.53465e+05                                                          
   11925   2.58258e+05                                                          
   11975   2.49107e+05                                                          
   12025   2.54503e+05                                                          
   12075   2.51652e+05                                                          
   12125   2.52737e+05                                                          
   12175   2.52534e+05                                                          
   12225   2.51259e+05                                                          
   12275   2.49550e+05                                                          
   12325   2.48193e+05                                                          
   12375   2.47836e+05                                                          
   12425   2.45589e+05                                                          
   12475   2.45859e+05                                                          
   12525   2.42998e+05                                                          
   12575   2.43390e+05                                                          
   12625   2.42015e+05                                                          
   12675   2.39803e+05                                                          
   12725   2.40189e+05                                                          
   12775   2.40480e+05                                                          
   12825   2.32929e+05                                                          
   12875   2.36086e+05                                                          
   12925   2.32619e+05                                                          
   12975   2.36115e+05                                                          
   13025   2.33726e+05                                                          
   13075   2.34691e+05                                                          
   13125   2.27213e+05                                                          
   13175   2.28904e+05                                                          
   13225   2.31544e+05                                                          
   13275   2.28197e+05                                                          
   13325   2.28757e+05                                                          
   13375   2.28699e+05                                                          
   13425   2.29254e+05                                                          
   13475   2.28467e+05                                                          
   13525   2.27666e+05                                                          
   13575   2.25413e+05                                                          
   13625   2.23335e+05                                                          
   13675   2.25296e+05                                                          
   13725   2.25937e+05                                                          
   13775   2.24483e+05                                                          
   13825   2.24713e+05                                                          
   13875   2.21950e+05                                                          
   13925   2.23921e+05                                                          
   13975   2.23617e+05                                                          
   14025   2.20556e+05                                                          
   14075   2.22739e+05                                                          
   14125   2.20714e+05                                                          
   14175   2.22192e+05                                                          
   14225   2.19554e+05                                                          
   14275   2.13593e+05                                                          
   14325   2.19871e+05                                                          
   14375   2.20161e+05                                                          
   14425   2.15709e+05                                                          
   14475   2.19487e+05                                                          
   14525   2.16944e+05                                                          
   14570   2.17131e+05                                                          
   14620   2.18600e+05                                                          
   14675   2.18373e+05                                                          
   14725   2.15355e+05                                                          
   14775   2.15949e+05                                                          
   14825   2.16672e+05                                                          
   14875   2.11440e+05                                                          
   14925   2.18386e+05                                                          
   14975   2.16048e+05                                                          
   15025   2.03526e+05                                                          
   15075   2.09503e+05                                                          
   15125   2.16213e+05                                                          
   15175   2.15317e+05                                                          
   15225   2.15643e+05                                                          
   15275   2.16901e+05                                                          
   15325   2.15902e+05                                                          
   15375   2.17508e+05                                                          
   15425   2.18141e+05                                                          
   15475   2.17896e+05                                                          
   15525   2.15086e+05                                                          
   15575   2.14286e+05                                                          
   15625   2.16335e+05                                                          
   15675   2.13137e+05                                                          
   15725   2.14286e+05                                                          
   15775   2.04299e+05                                                          
   15825   2.11280e+05                                                          
   15875   2.07453e+05                                                          
   15925   2.11382e+05                                                          
   15975   2.11565e+05                                                          
   16050   2.13791e+05                                                          
   16150   2.10968e+05                                                          
   16250   2.10509e+05                                                          
   16350   2.09521e+05                                                          
   16450   2.05993e+05                                                          
   16550   2.03835e+05                                                          
   16650   1.99720e+05                                                          
   16750   1.93141e+05                                                          
   16850   1.91430e+05                                                          
   16950   1.89620e+05                                                          
   17050   1.83558e+05                                                          
   17150   1.80033e+05                                                          
   17250   1.76271e+05                                                          
   17350   1.73496e+05                                                          
   17450   1.70198e+05                                                          
   17550   1.67205e+05                                                          
   17650   1.64634e+05                                                          
   17750   1.60684e+05                                                          
   17850   1.59016e+05                                                          
   17950   1.55452e+05                                                          
   18050   1.51765e+05                                                          
   18150   1.49424e+05                                                          
   18250   1.46239e+05                                                          
   18350   1.43243e+05                                                          
   18450   1.39077e+05                                                          
   18550   1.38606e+05                                                          
   18650   1.34655e+05                                                          
   18750   1.32168e+05                                                          
   18850   1.30672e+05                                                          
   18950   1.25072e+05                                                          
   19050   1.26320e+05                                                          
   19150   1.23621e+05                                                          
   19250   1.21767e+05                                                          
   19350   1.17354e+05                                                          
   19450   1.14848e+05                                                          
   19550   1.14278e+05                                                          
   19650   1.13161e+05                                                          
   19750   1.08969e+05                                                          
   19850   1.07347e+05                                                          
   19950   1.06421e+05                                                          
   20050   1.06511e+05                                                          
   20150   1.04777e+05                                                          
   20250   1.01759e+05                                                          
   20350   1.00356e+05                                                          
   20450   9.95288e+04                                                          
   20550   9.76340e+04                                                          
   20650   9.54955e+04                                                          
   20750   9.42486e+04                                                          
   20850   9.25605e+04                                                          
   20950   9.01162e+04                                                          
   21050   8.95895e+04                                                          
   21150   8.77551e+04                                                          
   21250   8.65726e+04                                                          
   21350   8.55425e+04                                                          
   21450   8.41004e+04                                                          
   21550   8.26684e+04                                                          
   21650   8.13053e+04                                                          
   21750   7.94795e+04                                                          
   21850   7.85728e+04                                                          
   21950   7.73110e+04                                                          
   22050   7.41819e+04                                                          
   22150   7.51928e+04                                                          
   22250   7.26799e+04                                                          
   22350   7.20910e+04                                                          
   22450   7.10981e+04                                                          
   22550   7.04453e+04                                                          
   22650   6.83310e+04                                                          
   22750   6.83340e+04                                                          
   22850   6.66968e+04                                                          
   22950   5.82097e+04                                                          
   23050   6.13418e+04                                                          
   23150   6.10345e+04                                                          
   23250   5.33475e+04                                                          
   23350   5.62610e+04                                                          
   23450   5.71844e+04                                                          
   23550   5.00704e+04                                                          
   23650   5.36678e+04                                                          
   23750   5.38631e+04                                                          
   23850   4.78953e+04                                                          
   23950   5.05903e+04                                                          
   24050   5.12444e+04                                                          
   24150   4.64475e+04                                                          
   24250   4.82411e+04                                                          
   24350   4.88913e+04                                                          
   24450   4.59145e+04                                                          
   24550   4.54099e+04                                                          
   24650   4.70079e+04                                                          
   24750   4.52525e+04                                                          
   24850   4.33006e+04                                                          
   24950   4.44259e+04                                                          
   25050   4.51631e+04                                                          
   25150   4.21259e+04                                                          
   25250   4.31207e+04                                                          
   25350   4.30686e+04                                                          
   25450   4.18736e+04                                                          
   25550   4.14417e+04                                                          
   25650   4.13070e+04                                                          
   25750   4.12743e+04                                                          
   25850   3.95720e+04                                                          
   25950   3.97626e+04                                                          
   26050   3.96859e+04                                                          
   26150   3.91427e+04                                                          
   26250   3.84344e+04                                                          
   26350   3.82226e+04                                                          
   26450   3.77850e+04                                                          
   26550   3.74040e+04                                                          
   26650   3.64771e+04                                                          
   26750   3.69741e+04                                                          
   26850   3.64214e+04                                                          
   26950   3.58082e+04                                                          
   27050   3.55472e+04                                                          
   27150   3.51655e+04                                                          
   27250   3.47770e+04                                                          
   27350   3.42779e+04                                                          
   27450   3.40095e+04                                                          
   27550   3.37125e+04                                                          
   27650   3.31444e+04                                                          
   27750   3.26911e+04                                                          
   27850   3.23964e+04                                                          
   27950   3.21313e+04                                                          
   28050   3.16862e+04                                                          
   28150   3.12117e+04                                                          
   28250   3.09070e+04                                                          
   28350   3.06237e+04                                                          
   28450   3.01851e+04                                                          
   28550   2.98151e+04                                                          
   28650   2.94686e+04                                                          
   28750   2.91522e+04                                                          
   28850   2.87747e+04                                                          
   28950   2.84274e+04                                                          
   29050   2.80189e+04                                                          
   29150   2.77014e+04                                                          
   29250   2.70400e+04                                                          
   29350   2.70078e+04                                                          
   29450   2.66933e+04                                                          
   29550   2.63894e+04                                                          
   29650   2.61080e+04                                                          
   29750   2.58054e+04                                                          
   29850   2.54471e+04                                                          
   29950   2.51116e+04                                                          
   30050   2.48332e+04                                                          
   30150   2.45698e+04                                                          
   30250   2.42098e+04                                                          
   30350   2.39412e+04                                                          
   30450   2.37027e+04                                                          
   30550   2.33820e+04                                                          
   30650   2.30816e+04                                                          
   30750   2.28531e+04                                                          
   30850   2.24645e+04                                                          
   30950   2.22908e+04                                                          
   31050   2.20504e+04                                                          
   31150   2.16310e+04                                                          
   31250   2.15284e+04                                                          
   31350   2.12693e+04                                                          
   31450   2.10215e+04                                                          
   31550   2.07475e+04                                                          
   31650   2.04705e+04                                                          
   31750   2.03049e+04                                                          
   31850   2.00689e+04                                                          
   31950   1.98459e+04                                                          
   32100   1.94910e+04                                                          
   32300   1.90308e+04                                                          
   32500   1.86066e+04                                                          
   32700   1.81722e+04                                                          
   32900   1.77725e+04                                                          
   33100   1.73580e+04                                                          
   33300   1.69479e+04                                                          
   33500   1.66254e+04                                                          
   33700   1.62450e+04                                                          
   33900   1.58598e+04                                                          
   34100   1.54773e+04                                                          
   34300   1.52127e+04                                                          
   34500   1.48988e+04                                                          
   34700   1.45752e+04                                                          
   34900   1.42659e+04                                                          
   35100   1.39753e+04                                                          
   35300   1.36624e+04                                                          
   35500   1.33900e+04                                                          
   35700   1.31021e+04                                                          
   35900   1.28299e+04                                                          
   36100   1.25778e+04                                                          
   36300   1.23194e+04                                                          
   36500   1.20498e+04                                                          
   36700   1.17888e+04                                                          
   36900   1.15204e+04                                                          
   37100   1.12816e+04                                                          
   37300   1.10980e+04                                                          
   37500   1.08503e+04                                                          
   37700   1.06663e+04                                                          
   37900   1.04505e+04                                                          
   38100   1.02552e+04                                                          
   38300   1.00666e+04                                                          
   38500   9.87166e+03                                                          
   38700   9.62817e+03                                                          
   38900   9.48029e+03                                                          
   39100   9.31374e+03                                                          
   39300   9.13533e+03                                                          
   39500   8.92393e+03                                                          
   39700   8.77642e+03                                                          
   39900   8.56362e+03                                                          
   40100   8.43814e+03                                                          
   40300   8.30586e+03                                                          
   40500   8.12460e+03                                                          
   40700   7.99500e+03                                                          
   40900   7.85320e+03                                                          
   41100   7.70738e+03                                                          
   41300   7.57527e+03                                                          
   41500   7.43210e+03                                                          
   41700   7.29823e+03                                                          
   41900   7.13583e+03                                                          
   42100   7.00324e+03                                                          
   42300   6.92108e+03                                                          
   42500   6.78373e+03                                                          
   42700   6.67693e+03                                                          
   42900   6.22152e+03                                                          
   43100   5.74657e+03                                                          
   43300   5.75712e+03                                                          
   43500   5.39283e+03                                                          
   43700   5.16374e+03                                                          
   43900   5.02234e+03                                                          
   44100   4.76731e+03                                                          
   44300   4.64828e+03                                                          
   44500   4.57389e+03                                                          
   44700   4.35865e+03                                                          
   44900   4.36089e+03                                                          
   45100   4.21688e+03                                                          
   45300   4.10943e+03                                                          
   45500   4.10553e+03                                                          
   45700   4.06904e+03                                                          
   45900   3.92364e+03                                                          
   46100   3.95935e+03                                                          
   46300   3.88170e+03                                                          
   46500   3.86929e+03                                                          
   46700   3.88098e+03                                                          
   46900   3.79239e+03                                                          
   47100   3.72015e+03                                                          
   47300   3.77033e+03                                                          
   47500   3.65818e+03                                                          
   47700   3.61455e+03                                                          
   47900   3.60857e+03                                                          
   48100   3.48258e+03                                                          
   48300   3.53893e+03                                                          
   48500   3.47233e+03                                                          
   48700   3.38274e+03                                                          
   48900   3.32524e+03                                                          
   49100   3.31074e+03                                                          
   49300   3.24352e+03                                                          
   49500   3.17987e+03                                                          
   49700   3.18055e+03                                                          
   49900   3.13550e+03                                                          
   50100   3.08510e+03                                                          
   50300   3.05261e+03                                                          
   50500   2.97948e+03                                                          
   50700   2.97463e+03                                                          
   50900   2.93348e+03                                                          
   51100   2.87245e+03                                                          
   51300   2.88988e+03                                                          
   51500   2.81801e+03                                                          
   51700   2.81545e+03                                                          
   51900   2.75925e+03                                                          
   52100   2.74760e+03                                                          
   52300   2.68551e+03                                                          
   52500   2.67561e+03                                                          
   52700   2.67032e+03                                                          
   52900   2.59515e+03                                                          
   53100   2.57249e+03                                                          
   53300   2.55774e+03                                                          
   53500   2.52813e+03                                                          
   53700   2.50959e+03                                                          
   53900   2.48055e+03                                                          
   54100   2.45401e+03                                                          
   54300   2.39843e+03                                                          
   54500   2.40056e+03                                                          
   54700   2.36500e+03                                                          
   54900   2.33790e+03                                                          
   55100   2.31144e+03                                                          
   55300   2.33114e+03                                                          
   55500   2.25227e+03                                                          
   55700   2.26338e+03                                                          
   55900   2.22288e+03                                                          
   56100   2.20515e+03                                                          
   56300   2.16352e+03                                                          
   56500   2.15950e+03                                                          
   56700   2.13624e+03                                                          
   56900   2.09543e+03                                                          
   57100   2.09450e+03                                                          
   57300   2.06525e+03                                                          
   57500   2.04398e+03                                                          
   57700   2.01392e+03                                                          
   57900   2.00611e+03                                                          
   58100   1.96937e+03                                                          
   58300   1.95119e+03                                                          
   58500   1.93178e+03                                                          
   58700   1.89960e+03                                                          
   58900   1.88057e+03                                                          
   59100   1.86374e+03                                                          
   59300   1.84301e+03                                                          
   59500   1.81868e+03                                                          
   59700   1.80473e+03                                                          
   59900   1.78254e+03                                                          
   60100   1.76270e+03                                                          
   60300   1.74123e+03                                                          
   60500   1.71434e+03                                                          
   60700   1.69564e+03                                                          
   60900   1.67760e+03                                                          
   61100   1.65433e+03                                                          
   61300   1.63905e+03                                                          
   61500   1.62131e+03                                                          
   61700   1.60376e+03                                                          
   61900   1.58593e+03                                                          
   62100   1.56911e+03                                                          
   62300   1.54886e+03                                                          
   62500   1.52745e+03                                                          
   62700   1.50811e+03                                                          
   62900   1.49435e+03                                                          
   63100   1.47556e+03                                                          
   63300   1.46355e+03                                                          
   63500   1.44317e+03                                                          
   63700   1.43093e+03                                                          
   63900   1.41091e+03                                                          
   64200   1.38763e+03                                                          
   64600   1.35521e+03                                                          
   65000   1.32465e+03                                                          
   65400   1.29490e+03                                                          
   65800   1.26621e+03                                                          
   66200   1.23700e+03                                                          
   66600   1.20918e+03                                                          
   67000   1.18223e+03                                                          
   67400   1.15523e+03                                                          
   67800   1.12948e+03                                                          
   68200   1.10384e+03                                                          
   68600   1.08003e+03                                                          
   69000   1.05606e+03                                                          
   69400   1.03279e+03                                                          
   69800   1.01030e+03                                                          
   70200   9.87823e+02                                                          
   70600   9.66629e+02                                                          
   71000   9.45824e+02                                                          
   71400   9.25565e+02                                                          
   71800   9.05605e+02                                                          
   72200   8.86442e+02                                                          
   72600   8.67601e+02                                                          
   73000   8.49320e+02                                                          
   73400   8.31074e+02                                                          
   73800   8.14009e+02                                                          
   74200   7.96021e+02                                                          
   74600   7.79901e+02                                                          
   75000   7.63823e+02                                                          
   75400   7.47746e+02                                                          
   75800   7.33760e+02                                                          
   76200   7.18828e+02                                                          
   76600   7.04351e+02                                                          
   77000   6.90074e+02                                                          
   77400   6.76394e+02                                                          
   77800   6.62998e+02                                                          
   78200   6.49860e+02                                                          
   78600   6.37070e+02                                                          
   79000   6.24544e+02                                                          
   79400   6.12409e+02                                                          
   79800   6.00560e+02                                                          
   80200   5.88451e+02                                                          
   80600   5.77419e+02                                                          
   81000   5.66448e+02                                                          
   81400   5.55665e+02                                                          
   81800   5.45279e+02                                                          
   82200   5.34998e+02                                                          
   82600   5.24926e+02                                                          
   83000   5.15109e+02                                                          
   83400   5.05231e+02                                                          
   83800   4.95724e+02                                                          
   84200   4.86915e+02                                                          
   84600   4.77865e+02                                                          
   85000   4.69245e+02                                                          
   85400   4.60814e+02                                                          
   85800   4.52521e+02                                                          
   86200   4.44377e+02                                                          
   86600   4.36428e+02                                                          
   87000   4.28574e+02                                                          
   87400   4.21018e+02                                                          
   87800   4.13550e+02                                                          
   88200   4.06216e+02                                                          
   88600   3.99104e+02                                                          
   89000   3.92088e+02                                                          
   89400   3.85347e+02                                                          
   89800   3.78367e+02                                                          
   90200   3.72145e+02                                                          
   90600   3.65769e+02                                                          
   91000   3.59041e+02                                                          
   91400   3.53264e+02                                                          
   91800   3.47190e+02                                                          
   92200   3.41560e+02                                                          
   92600   3.35805e+02                                                          
   93000   3.30205e+02                                                          
   93400   3.24688e+02                                                          
   93800   3.19308e+02                                                          
   94200   3.14035e+02                                                          
   94600   3.08839e+02                                                          
   95000   3.03785e+02                                                          
   95400   2.98819e+02                                                          
   95800   2.93977e+02                                                          
   96200   2.89218e+02                                                          
   96600   2.84553e+02                                                          
   97000   2.79981e+02                                                          
   97400   2.75271e+02                                                          
   97800   2.71081e+02                                                          
   98200   2.66800e+02                                                          
   98600   2.62580e+02                                                          
   99000   2.58456e+02                                                          
   99400   2.54390e+02                                                          
   99800   2.50416e+02                                                          
  100200   2.46522e+02                                                          
  200000   1.60800e+01                                                          
  400000   1.01705e+00                                                          
  600000   2.01011e-01                                                          
  800000   6.34792e-02                                                          
 1000000   2.59345e-02                                                          
 1200000   1.24722e-02                                                          
 1400000   6.71413e-03                                                          
 1600000   3.92513e-03                                                          
