      91   1.00000e-21
      94   1.00000e-21                                                          
      96   1.00000e-21                                                          
      98   1.00000e-21                                                          
     100   1.00000e-21                                                          
     102   1.00000e-21                                                          
     104   1.00000e-21                                                          
     106   1.00000e-21                                                          
     108   1.00000e-21                                                          
     110   1.00000e-21                                                          
     114   1.00000e-21                                                          
     118   1.00000e-21                                                          
     121   1.00000e-21                                                          
     125   1.00000e-21                                                          
     127   1.00000e-21                                                          
     128   1.00000e-21                                                          
     130   1.00000e-21                                                          
     132   1.00000e-21                                                          
     134   1.00000e-21                                                          
     137   1.00000e-21                                                          
     140   1.00000e-21                                                          
     143   1.00000e-21                                                          
     147   1.00000e-21                                                          
     151   1.00000e-21                                                          
     155   1.00000e-21                                                          
     159   1.00000e-21                                                          
     162   1.00000e-21                                                          
     166   1.00000e-21                                                          
     170   1.00000e-21                                                          
     173   1.00000e-21                                                          
     177   1.00000e-21                                                          
     180   1.00000e-21                                                          
     182   1.00000e-21                                                          
     186   1.00000e-21                                                          
     191   1.00000e-21                                                          
     194   1.00000e-21                                                          
     198   1.00000e-21                                                          
     202   1.00000e-21                                                          
     205   1.00000e-21                                                          
     210   1.00000e-21                                                          
     216   1.00000e-21                                                          
     220   1.00000e-21                                                          
     223   1.00000e-21                                                          
     227   1.00000e-21                                                          
     230   1.00000e-21                                                          
     234   1.00000e-21                                                          
     240   1.00000e-21                                                          
     246   1.00000e-21                                                          
     252   1.00000e-21                                                          
     257   1.00000e-21                                                          
     260   1.00000e-21                                                          
     264   1.00000e-21                                                          
     268   1.00000e-21                                                          
     274   1.00000e-21                                                          
     278   1.00000e-21                                                          
     284   1.00000e-21                                                          
     290   1.00000e-21                                                          
     296   1.00000e-21                                                          
     301   1.00000e-21                                                          
     308   1.00000e-21                                                          
     318   1.00000e-21                                                          
     328   1.00000e-21                                                          
     338   1.00000e-21                                                          
     348   1.00000e-21                                                          
     357   1.00000e-21                                                          
     366   1.00000e-21                                                          
     375   1.00000e-21                                                          
     385   1.00000e-21                                                          
     395   1.00000e-21                                                          
     405   1.00000e-21                                                          
     414   1.00000e-21                                                          
     422   1.00000e-21                                                          
     430   1.00000e-21                                                          
     441   1.00000e-21                                                          
     451   1.00000e-21                                                          
     460   1.00000e-21                                                          
     470   1.00000e-21                                                          
     480   1.00000e-21                                                          
     490   1.00000e-21                                                          
     500   1.00000e-21                                                          
     506   1.00000e-21                                                          
     512   1.00000e-21                                                          
     520   1.00000e-21                                                          
     530   1.00000e-21                                                          
     540   1.00000e-21                                                          
     550   1.00000e-21                                                          
     560   1.00000e-21                                                          
     570   1.00000e-21                                                          
     580   1.00000e-21                                                          
     590   1.00000e-21                                                          
     600   1.00000e-21                                                          
     610   1.00000e-21                                                          
     620   1.00000e-21                                                          
     630   1.00000e-21                                                          
     640   1.00000e-21                                                          
     650   1.00000e-21                                                          
     658   1.00000e-21                                                          
     665   1.00000e-21                                                          
     675   1.00000e-21                                                          
     685   1.00000e-21                                                          
     695   1.00000e-21                                                          
     705   1.00000e-21                                                          
     716   1.00000e-21                                                          
     726   1.00000e-21                                                          
     735   1.00000e-21                                                          
     745   1.00000e-21                                                          
     755   1.00000e-21                                                          
     765   1.00000e-21                                                          
     775   1.00000e-21                                                          
     785   1.00000e-21                                                          
     795   1.00000e-21                                                          
     805   1.00000e-21                                                          
     815   1.00000e-21                                                          
     825   1.00000e-21                                                          
     835   1.00000e-21                                                          
     845   1.00000e-21                                                          
     855   1.00000e-21                                                          
     865   1.00000e-21                                                          
     875   1.00000e-21                                                          
     885   1.00000e-21                                                          
     895   1.00000e-21                                                          
     905   1.00000e-21                                                          
     915   1.00000e-21                                                          
     925   5.58938e-13                                                          
     935   8.06900e-13                                                          
     945   1.28474e-12                                                          
     955   1.43002e-12                                                          
     965   3.11245e-12                                                          
     975   3.62063e-12                                                          
     985   6.21248e-12                                                          
     995   1.04598e-11                                                          
    1005   1.50676e-11                                                          
    1015   2.21856e-11                                                          
    1025   3.13402e-11                                                          
    1035   7.56774e-11                                                          
    1045   1.16818e-10                                                          
    1055   1.28695e-10                                                          
    1065   3.06277e-10                                                          
    1075   4.51526e-10                                                          
    1085   8.10533e-10                                                          
    1095   1.15204e-09                                                          
    1105   1.58992e-09                                                          
    1115   2.19159e-09                                                          
    1125   4.81250e-09                                                          
    1135   8.25216e-09                                                          
    1145   1.31742e-08                                                          
    1155   1.94021e-08                                                          
    1165   2.50247e-08                                                          
    1175   3.87773e-08                                                          
    1185   4.77379e-08                                                          
    1195   5.44017e-08                                                          
    1205   4.59509e-08                                                          
    1215   2.61884e-08                                                          
    1225   7.80191e-08                                                          
    1235   2.00440e-07                                                          
    1245   3.05234e-07                                                          
    1255   4.30042e-07                                                          
    1265   5.43845e-07                                                          
    1275   7.52642e-07                                                          
    1285   7.89703e-07                                                          
    1295   1.01281e-06                                                          
    1305   1.27668e-06                                                          
    1315   1.66059e-06                                                          
    1325   1.96457e-06                                                          
    1335   2.28560e-06                                                          
    1345   3.11667e-06                                                          
    1355   4.01912e-06                                                          
    1365   4.72537e-06                                                          
    1375   5.29928e-06                                                          
    1385   6.38961e-06                                                          
    1395   7.68852e-06                                                          
    1405   1.04990e-05                                                          
    1415   1.27540e-05                                                          
    1425   1.51356e-05                                                          
    1435   2.02095e-05                                                          
    1442   2.69532e-05                                                          
    1447   2.35114e-05                                                          
    1455   2.98271e-05                                                          
    1465   4.29147e-05                                                          
    1475   5.12100e-05                                                          
    1485   5.36940e-05                                                          
    1495   8.15963e-05                                                          
    1505   1.07808e-04                                                          
    1512   7.23601e-05                                                          
    1517   1.08917e-04                                                          
    1525   1.78172e-04                                                          
    1535   2.46743e-04                                                          
    1545   1.93734e-04                                                          
    1555   2.95346e-04                                                          
    1565   3.02086e-04                                                          
    1575   5.88654e-04                                                          
    1585   6.20152e-04                                                          
    1595   6.09572e-04                                                          
    1605   6.66799e-04                                                          
    1615   7.17923e-04                                                          
    1625   7.80275e-04                                                          
    1635   9.87875e-04                                                          
    1645   1.26674e-03                                                          
    1655   1.27324e-03                                                          
    1665   1.74298e-03                                                          
    1672   1.60278e-03                                                          
    1677   2.15446e-03                                                          
    1685   2.79673e-03                                                          
    1695   3.77149e-03                                                          
    1705   4.12796e-03                                                          
    1715   4.57248e-03                                                          
    1725   5.93454e-03                                                          
    1735   6.90328e-03                                                          
    1745   9.09550e-03                                                          
    1755   9.52476e-03                                                          
    1765   1.22480e-02                                                          
    1775   1.13655e-02                                                          
    1785   2.00070e-02                                                          
    1795   1.76037e-02                                                          
    1805   2.93805e-02                                                          
    1815   2.22141e-02                                                          
    1825   3.41008e-02                                                          
    1835   3.09306e-02                                                          
    1845   4.31931e-02                                                          
    1855   3.61107e-02                                                          
    1865   5.80894e-02                                                          
    1875   5.42959e-02                                                          
    1885   6.86754e-02                                                          
    1895   8.37610e-02                                                          
    1905   9.00379e-02                                                          
    1915   1.26525e-01                                                          
    1925   1.08460e-01                                                          
    1935   8.72453e-02                                                          
    1945   1.51311e-01                                                          
    1955   2.10738e-01                                                          
    1967   2.25819e-01                                                          
    1976   2.64202e-01                                                          
    1984   3.33132e-01                                                          
    1995   3.01719e-01                                                          
    2005   3.48831e-01                                                          
    2015   3.94700e-01                                                          
    2025   3.78354e-01                                                          
    2035   4.64961e-01                                                          
    2045   4.86289e-01                                                          
    2055   5.79619e-01                                                          
    2065   5.56696e-01                                                          
    2074   5.38521e-01                                                          
    2078   9.27881e-01                                                          
    2085   1.19944e+00                                                          
    2095   1.30755e+00                                                          
    2105   1.17256e+00                                                          
    2115   1.17557e+00                                                          
    2125   1.34397e+00                                                          
    2135   1.74218e+00                                                          
    2145   1.38684e+00                                                          
    2155   1.68224e+00                                                          
    2165   1.67750e+00                                                          
    2175   1.83352e+00                                                          
    2185   1.70511e+00                                                          
    2195   2.80701e+00                                                          
    2205   2.34838e+00                                                          
    2215   2.90662e+00                                                          
    2225   2.59981e+00                                                          
    2235   4.31730e+00                                                          
    2245   4.72361e+00                                                          
    2255   5.93710e+00                                                          
    2265   3.17591e+00                                                          
    2275   6.09336e+00                                                          
    2285   5.83919e+00                                                          
    2295   9.76407e+00                                                          
    2305   3.90490e+00                                                          
    2315   1.22839e+01                                                          
    2325   9.44384e+00                                                          
    2335   1.49780e+01                                                          
    2345   9.41668e+00                                                          
    2355   8.14052e+00                                                          
    2365   1.10790e+01                                                          
    2375   1.06230e+01                                                          
    2385   1.84595e+01                                                          
    2395   1.65721e+01                                                          
    2405   2.96640e+01                                                          
    2415   1.88295e+01                                                          
    2425   2.42031e+01                                                          
    2435   3.45985e+01                                                          
    2445   4.78643e+01                                                          
    2455   5.54577e+01                                                          
    2465   3.48804e+01                                                          
    2475   6.27068e+01                                                          
    2485   2.28193e+01                                                          
    2495   2.76453e+01                                                          
    2505   5.44545e+01                                                          
    2513   3.83458e+01                                                          
    2518   4.01796e+01                                                          
    2525   4.85320e+01                                                          
    2535   1.09319e+02                                                          
    2545   1.33637e+02                                                          
    2555   1.46971e+02                                                          
    2565   8.05051e+01                                                          
    2575   1.31370e+02                                                          
    2585   9.58945e+01                                                          
    2595   1.17203e+02                                                          
    2605   1.60196e+02                                                          
    2615   1.45537e+02                                                          
    2625   2.21278e+02                                                          
    2635   3.39083e+02                                                          
    2645   2.76600e+02                                                          
    2655   3.71233e+02                                                          
    2665   3.31695e+02                                                          
    2675   2.88882e+02                                                          
    2685   3.86154e+02                                                          
    2695   2.73465e+02                                                          
    2705   4.33155e+02                                                          
    2715   4.26440e+02                                                          
    2725   3.71187e+02                                                          
    2735   3.94704e+02                                                          
    2745   5.41924e+02                                                          
    2755   5.18817e+02                                                          
    2765   6.94212e+02                                                          
    2775   9.19938e+02                                                          
    2785   6.28402e+02                                                          
    2795   7.60807e+02                                                          
    2805   7.88267e+02                                                          
    2815   8.92012e+02                                                          
    2825   9.50050e+02                                                          
    2835   8.54211e+02                                                          
    2845   6.64801e+02                                                          
    2855   3.38256e+02                                                          
    2865   9.87725e+02                                                          
    2875   1.06745e+03                                                          
    2885   1.52662e+03                                                          
    2895   1.79453e+03                                                          
    2910   2.57093e+03                                                          
    2930   2.31190e+03                                                          
    2950   2.17773e+03                                                          
    2970   2.13599e+03                                                          
    2990   2.47517e+03                                                          
    3010   2.61220e+03                                                          
    3030   3.10382e+03                                                          
    3050   3.65455e+03                                                          
    3070   4.46465e+03                                                          
    3090   4.44535e+03                                                          
    3110   7.31372e+03                                                          
    3130   6.68198e+03                                                          
    3150   1.05909e+04                                                          
    3170   1.54071e+04                                                          
    3190   1.06634e+04                                                          
    3210   1.27085e+04                                                          
    3230   1.19355e+04                                                          
    3250   2.24382e+04                                                          
    3270   3.05846e+04                                                          
    3290   3.76011e+04                                                          
    3310   2.90410e+04                                                          
    3330   3.26230e+04                                                          
    3350   3.12794e+04                                                          
    3370   1.71995e+04                                                          
    3390   2.14496e+04                                                          
    3410   2.34830e+04                                                          
    3430   2.67581e+04                                                          
    3450   2.62019e+04                                                          
    3470   2.58410e+04                                                          
    3490   3.73197e+04                                                          
    3510   5.25966e+04                                                          
    3530   4.61156e+04                                                          
    3550   6.47071e+04                                                          
    3570   2.59369e+04                                                          
    3590   2.49499e+04                                                          
    3610   4.22053e+04                                                          
    3630   5.46979e+04                                                          
    3640   6.33887e+04                                                          
    3650   8.01826e+04                                                          
    3670   1.01657e+05                                                          
    3690   6.98175e+04                                                          
    3710   5.59626e+04                                                          
    3730   2.39120e+04                                                          
    3750   3.01726e+04                                                          
    3770   7.30948e+04                                                          
    3790   8.07322e+04                                                          
    3810   6.63595e+04                                                          
    3830   2.66273e+04                                                          
    3850   4.72783e+04                                                          
    3870   4.26650e+04                                                          
    3890   5.35264e+04                                                          
    3910   8.40151e+04                                                          
    3930   3.11018e+04                                                          
    3950   6.99542e+04                                                          
    3970   4.54205e+04                                                          
    3990   1.51530e+05                                                          
    4010   1.86601e+05                                                          
    4030   1.58985e+05                                                          
    4050   1.56373e+05                                                          
    4070   1.33404e+05                                                          
    4090   2.20255e+05                                                          
    4110   1.56547e+05                                                          
    4130   1.64111e+05                                                          
    4150   1.53802e+05                                                          
    4170   1.57357e+05                                                          
    4190   1.62382e+05                                                          
    4210   1.45315e+05                                                          
    4230   9.39477e+04                                                          
    4250   1.51595e+05                                                          
    4270   1.42325e+05                                                          
    4290   1.43256e+05                                                          
    4310   1.43718e+05                                                          
    4330   2.27286e+05                                                          
    4350   2.51862e+05                                                          
    4370   2.67295e+05                                                          
    4390   2.12703e+05                                                          
    4410   2.20219e+05                                                          
    4430   2.47431e+05                                                          
    4450   2.63645e+05                                                          
    4470   3.00217e+05                                                          
    4490   3.13847e+05                                                          
    4510   3.88991e+05                                                          
    4530   3.02719e+05                                                          
    4550   3.42394e+05                                                          
    4570   3.80630e+05                                                          
    4590   3.59396e+05                                                          
    4610   3.72614e+05                                                          
    4630   3.67797e+05                                                          
    4650   3.59992e+05                                                          
    4670   3.97770e+05                                                          
    4690   3.81644e+05                                                          
    4710   3.57160e+05                                                          
    4730   3.55952e+05                                                          
    4750   3.49634e+05                                                          
    4770   3.15255e+05                                                          
    4790   3.34741e+05                                                          
    4810   3.84074e+05                                                          
    4830   3.90394e+05                                                          
    4850   3.98080e+05                                                          
    4870   3.64667e+05                                                          
    4890   3.86690e+05                                                          
    4910   3.84600e+05                                                          
    4930   3.55149e+05                                                          
    4950   3.61417e+05                                                          
    4970   3.43139e+05                                                          
    4990   3.05272e+05                                                          
    5010   2.67739e+05                                                          
    5030   2.91848e+05                                                          
    5050   2.71969e+05                                                          
    5070   2.62946e+05                                                          
    5090   2.49789e+05                                                          
    5110   2.56779e+05                                                          
    5130   2.41662e+05                                                          
    5150   2.24846e+05                                                          
    5170   2.10942e+05                                                          
    5190   2.35461e+05                                                          
    5210   2.83949e+05                                                          
    5230   3.88713e+05                                                          
    5250   4.30570e+05                                                          
    5270   3.37585e+05                                                          
    5290   4.39317e+05                                                          
    5310   4.86412e+05                                                          
    5330   3.95210e+05                                                          
    5350   4.51849e+05                                                          
    5370   4.38842e+05                                                          
    5390   4.27253e+05                                                          
    5410   4.21109e+05                                                          
    5430   4.18501e+05                                                          
    5450   4.27991e+05                                                          
    5470   4.47230e+05                                                          
    5490   4.59137e+05                                                          
    5510   4.43486e+05                                                          
    5530   4.77889e+05                                                          
    5550   4.85157e+05                                                          
    5570   4.71398e+05                                                          
    5590   4.46732e+05                                                          
    5610   4.81465e+05                                                          
    5630   4.91556e+05                                                          
    5650   5.08443e+05                                                          
    5670   4.91807e+05                                                          
    5690   5.04838e+05                                                          
    5710   4.78247e+05                                                          
    5730   5.27837e+05                                                          
    5750   5.17244e+05                                                          
    5770   5.22849e+05                                                          
    5790   4.93596e+05                                                          
    5810   5.23063e+05                                                          
    5830   5.42908e+05                                                          
    5850   5.21822e+05                                                          
    5870   5.26067e+05                                                          
    5890   4.55857e+05                                                          
    5910   5.23228e+05                                                          
    5930   5.24138e+05                                                          
    5950   5.23465e+05                                                          
    5970   5.36181e+05                                                          
    5990   5.26657e+05                                                          
    6010   5.19340e+05                                                          
    6030   5.35590e+05                                                          
    6050   5.43816e+05                                                          
    6070   5.38904e+05                                                          
    6090   5.19915e+05                                                          
    6110   5.23102e+05                                                          
    6130   4.84814e+05                                                          
    6150   5.14005e+05                                                          
    6170   4.65696e+05                                                          
    6190   5.22218e+05                                                          
    6210   5.13262e+05                                                          
    6230   4.99097e+05                                                          
    6250   4.81510e+05                                                          
    6270   5.02052e+05                                                          
    6290   5.17051e+05                                                          
    6310   5.01912e+05                                                          
    6330   5.11135e+05                                                          
    6350   5.15088e+05                                                          
    6370   5.13572e+05                                                          
    6390   5.26721e+05                                                          
    6410   5.12203e+05                                                          
    6430   5.15982e+05                                                          
    6450   5.06273e+05                                                          
    6470   5.02174e+05                                                          
    6490   4.94471e+05                                                          
    6510   5.17724e+05                                                          
    6530   5.26229e+05                                                          
    6550   5.15753e+05                                                          
    6570   5.10867e+05                                                          
    6590   5.18844e+05                                                          
    6610   5.23174e+05                                                          
    6630   5.22287e+05                                                          
    6650   5.22973e+05                                                          
    6670   5.11055e+05                                                          
    6690   5.17489e+05                                                          
    6710   4.93980e+05                                                          
    6730   5.13156e+05                                                          
    6750   5.01092e+05                                                          
    6770   5.06116e+05                                                          
    6790   4.97598e+05                                                          
    6810   5.02592e+05                                                          
    6830   5.10835e+05                                                          
    6850   4.97532e+05                                                          
    6870   5.03837e+05                                                          
    6890   5.09429e+05                                                          
    6910   5.09523e+05                                                          
    6930   5.06462e+05                                                          
    6950   5.07225e+05                                                          
    6970   5.14784e+05                                                          
    6990   5.05437e+05                                                          
    7010   5.02874e+05                                                          
    7030   5.10742e+05                                                          
    7050   5.15328e+05                                                          
    7070   5.01740e+05                                                          
    7090   4.87749e+05                                                          
    7110   4.74572e+05                                                          
    7130   4.62430e+05                                                          
    7150   4.54030e+05                                                          
    7170   4.70744e+05                                                          
    7190   4.59477e+05                                                          
    7210   4.64590e+05                                                          
    7230   4.83748e+05                                                          
    7250   4.82565e+05                                                          
    7270   4.89557e+05                                                          
    7290   4.86761e+05                                                          
    7310   4.91642e+05                                                          
    7330   4.88181e+05                                                          
    7350   4.88969e+05                                                          
    7370   4.99543e+05                                                          
    7390   4.92385e+05                                                          
    7410   4.86018e+05                                                          
    7430   4.95656e+05                                                          
    7450   4.93366e+05                                                          
    7470   4.98120e+05                                                          
    7490   4.95613e+05                                                          
    7510   5.00227e+05                                                          
    7530   5.03136e+05                                                          
    7550   5.05123e+05                                                          
    7570   5.01788e+05                                                          
    7590   4.97357e+05                                                          
    7610   4.96092e+05                                                          
    7630   4.95843e+05                                                          
    7650   4.92885e+05                                                          
    7670   4.67915e+05                                                          
    7690   4.86391e+05                                                          
    7710   4.73018e+05                                                          
    7730   4.79304e+05                                                          
    7750   4.73459e+05                                                          
    7770   4.83578e+05                                                          
    7790   4.82896e+05                                                          
    7810   4.81684e+05                                                          
    7830   4.74826e+05                                                          
    7850   4.72098e+05                                                          
    7870   4.83216e+05                                                          
    7890   4.78072e+05                                                          
    7910   4.70406e+05                                                          
    7930   4.69123e+05                                                          
    7950   4.61814e+05                                                          
    7970   4.77396e+05                                                          
    7990   4.75741e+05                                                          
    8010   4.73780e+05                                                          
    8030   4.72501e+05                                                          
    8050   4.71378e+05                                                          
    8070   4.70665e+05                                                          
    8090   4.66233e+05                                                          
    8110   4.70099e+05                                                          
    8130   4.75246e+05                                                          
    8150   4.74324e+05                                                          
    8170   4.73280e+05                                                          
    8190   4.48875e+05                                                          
    8210   4.61119e+05                                                          
    8230   4.65679e+05                                                          
    8250   4.65256e+05                                                          
    8270   4.72704e+05                                                          
    8290   4.69432e+05                                                          
    8310   4.58162e+05                                                          
    8330   4.51955e+05                                                          
    8350   4.55710e+05                                                          
    8370   4.56906e+05                                                          
    8390   4.33419e+05                                                          
    8410   4.55792e+05                                                          
    8430   4.35407e+05                                                          
    8450   4.43509e+05                                                          
    8470   4.42287e+05                                                          
    8490   4.46095e+05                                                          
    8510   4.27475e+05                                                          
    8530   4.46370e+05                                                          
    8550   4.23189e+05                                                          
    8570   4.50149e+05                                                          
    8590   4.44236e+05                                                          
    8610   4.42902e+05                                                          
    8630   4.46455e+05                                                          
    8650   4.51381e+05                                                          
    8670   4.16708e+05                                                          
    8690   4.27306e+05                                                          
    8710   4.42970e+05                                                          
    8730   4.43004e+05                                                          
    8750   4.41984e+05                                                          
    8770   4.41077e+05                                                          
    8790   4.42332e+05                                                          
    8810   4.26019e+05                                                          
    8830   4.33488e+05                                                          
    8850   4.39677e+05                                                          
    8870   4.34861e+05                                                          
    8890   4.42375e+05                                                          
    8910   4.43170e+05                                                          
    8930   4.34030e+05                                                          
    8950   4.31254e+05                                                          
    8970   4.33252e+05                                                          
    8990   4.35006e+05                                                          
    9010   4.16518e+05                                                          
    9030   4.28529e+05                                                          
    9050   4.37589e+05                                                          
    9070   4.35661e+05                                                          
    9090   4.19959e+05                                                          
    9110   4.23058e+05                                                          
    9130   4.29853e+05                                                          
    9150   4.28205e+05                                                          
    9170   4.27508e+05                                                          
    9190   4.31727e+05                                                          
    9210   4.22545e+05                                                          
    9230   4.25910e+05                                                          
    9250   4.18954e+05                                                          
    9270   4.19088e+05                                                          
    9290   4.16410e+05                                                          
    9310   4.21900e+05                                                          
    9330   4.19928e+05                                                          
    9350   4.17215e+05                                                          
    9370   4.10245e+05                                                          
    9390   4.16714e+05                                                          
    9410   4.06900e+05                                                          
    9430   4.15546e+05                                                          
    9450   4.05048e+05                                                          
    9470   4.13554e+05                                                          
    9490   4.14316e+05                                                          
    9510   4.11422e+05                                                          
    9530   4.10014e+05                                                          
    9550   4.01856e+05                                                          
    9570   4.02639e+05                                                          
    9590   4.10232e+05                                                          
    9610   4.02748e+05                                                          
    9630   4.05357e+05                                                          
    9650   3.91703e+05                                                          
    9670   3.92329e+05                                                          
    9690   4.00966e+05                                                          
    9710   3.96213e+05                                                          
    9730   3.91685e+05                                                          
    9750   3.92262e+05                                                          
    9770   3.94301e+05                                                          
    9790   3.84909e+05                                                          
    9810   3.98481e+05                                                          
    9830   3.93188e+05                                                          
    9850   3.98205e+05                                                          
    9870   3.94710e+05                                                          
    9890   3.94218e+05                                                          
    9910   3.93349e+05                                                          
    9930   3.92824e+05                                                          
    9950   3.92325e+05                                                          
    9970   3.92200e+05                                                          
    9990   3.91172e+05                                                          
   10025   3.87431e+05                                                          
   10075   3.83737e+05                                                          
   10125   3.83933e+05                                                          
   10175   3.79660e+05                                                          
   10225   3.78318e+05                                                          
   10275   3.77951e+05                                                          
   10325   3.71296e+05                                                          
   10375   3.69007e+05                                                          
   10425   3.70430e+05                                                          
   10475   3.66202e+05                                                          
   10525   3.66509e+05                                                          
   10575   3.61561e+05                                                          
   10625   3.60673e+05                                                          
   10675   3.55114e+05                                                          
   10725   3.54281e+05                                                          
   10775   3.51249e+05                                                          
   10825   3.44972e+05                                                          
   10875   3.46451e+05                                                          
   10925   3.48401e+05                                                          
   10975   3.43930e+05                                                          
   11025   3.44250e+05                                                          
   11075   3.43867e+05                                                          
   11125   3.41287e+05                                                          
   11175   3.37375e+05                                                          
   11225   3.37508e+05                                                          
   11275   3.30748e+05                                                          
   11325   3.31050e+05                                                          
   11375   3.26737e+05                                                          
   11425   3.22322e+05                                                          
   11475   3.27306e+05                                                          
   11525   3.27171e+05                                                          
   11575   3.22820e+05                                                          
   11625   3.16979e+05                                                          
   11675   3.17815e+05                                                          
   11725   3.20240e+05                                                          
   11775   3.13331e+05                                                          
   11825   3.10970e+05                                                          
   11875   3.07540e+05                                                          
   11925   3.13517e+05                                                          
   11975   3.01079e+05                                                          
   12025   3.07827e+05                                                          
   12075   3.04033e+05                                                          
   12125   3.05536e+05                                                          
   12175   3.05725e+05                                                          
   12225   3.03807e+05                                                          
   12275   3.01433e+05                                                          
   12325   2.99774e+05                                                          
   12375   2.99149e+05                                                          
   12425   2.96040e+05                                                          
   12475   2.96484e+05                                                          
   12525   2.92852e+05                                                          
   12575   2.93243e+05                                                          
   12625   2.91294e+05                                                          
   12675   2.88380e+05                                                          
   12725   2.88874e+05                                                          
   12775   2.89049e+05                                                          
   12825   2.79604e+05                                                          
   12875   2.83144e+05                                                          
   12925   2.79163e+05                                                          
   12975   2.83034e+05                                                          
   13025   2.79749e+05                                                          
   13075   2.80987e+05                                                          
   13125   2.72272e+05                                                          
   13175   2.73622e+05                                                          
   13225   2.76377e+05                                                          
   13275   2.71897e+05                                                          
   13325   2.72960e+05                                                          
   13375   2.72170e+05                                                          
   13425   2.73201e+05                                                          
   13475   2.71791e+05                                                          
   13525   2.70801e+05                                                          
   13575   2.67118e+05                                                          
   13625   2.65239e+05                                                          
   13675   2.66964e+05                                                          
   13725   2.67747e+05                                                          
   13775   2.65662e+05                                                          
   13825   2.65770e+05                                                          
   13875   2.62625e+05                                                          
   13925   2.64533e+05                                                          
   13975   2.63927e+05                                                          
   14025   2.59744e+05                                                          
   14075   2.62339e+05                                                          
   14125   2.59295e+05                                                          
   14175   2.61396e+05                                                          
   14225   2.57221e+05                                                          
   14275   2.50526e+05                                                          
   14325   2.57651e+05                                                          
   14375   2.58165e+05                                                          
   14425   2.51411e+05                                                          
   14475   2.56471e+05                                                          
   14525   2.52594e+05                                                          
   14570   2.53002e+05                                                          
   14620   2.54494e+05                                                          
   14675   2.53882e+05                                                          
   14725   2.49661e+05                                                          
   14775   2.50336e+05                                                          
   14825   2.50631e+05                                                          
   14875   2.43871e+05                                                          
   14925   2.52468e+05                                                          
   14975   2.48956e+05                                                          
   15025   2.33799e+05                                                          
   15075   2.40366e+05                                                          
   15125   2.48283e+05                                                          
   15175   2.47556e+05                                                          
   15225   2.46564e+05                                                          
   15275   2.48062e+05                                                          
   15325   2.46451e+05                                                          
   15375   2.47838e+05                                                          
   15425   2.48401e+05                                                          
   15475   2.47395e+05                                                          
   15525   2.43620e+05                                                          
   15575   2.42280e+05                                                          
   15625   2.44863e+05                                                          
   15675   2.39804e+05                                                          
   15725   2.41574e+05                                                          
   15775   2.29063e+05                                                          
   15825   2.36975e+05                                                          
   15875   2.31026e+05                                                          
   15925   2.35791e+05                                                          
   15975   2.36422e+05                                                          
   16050   2.37760e+05                                                          
   16150   2.34278e+05                                                          
   16250   2.33370e+05                                                          
   16350   2.31322e+05                                                          
   16450   2.27113e+05                                                          
   16550   2.24929e+05                                                          
   16650   2.20518e+05                                                          
   16750   2.13443e+05                                                          
   16850   2.10664e+05                                                          
   16950   2.09408e+05                                                          
   17050   2.02290e+05                                                          
   17150   1.98625e+05                                                          
   17250   1.94160e+05                                                          
   17350   1.90566e+05                                                          
   17450   1.87447e+05                                                          
   17550   1.84246e+05                                                          
   17650   1.81329e+05                                                          
   17750   1.76909e+05                                                          
   17850   1.75049e+05                                                          
   17950   1.71135e+05                                                          
   18050   1.67110e+05                                                          
   18150   1.64188e+05                                                          
   18250   1.60824e+05                                                          
   18350   1.57552e+05                                                          
   18450   1.52999e+05                                                          
   18550   1.52308e+05                                                          
   18650   1.47701e+05                                                          
   18750   1.44359e+05                                                          
   18850   1.43480e+05                                                          
   18950   1.37064e+05                                                          
   19050   1.38731e+05                                                          
   19150   1.35700e+05                                                          
   19250   1.33589e+05                                                          
   19350   1.29018e+05                                                          
   19450   1.26031e+05                                                          
   19550   1.25686e+05                                                          
   19650   1.23935e+05                                                          
   19750   1.19790e+05                                                          
   19850   1.18166e+05                                                          
   19950   1.16897e+05                                                          
   20050   1.16724e+05                                                          
   20150   1.14937e+05                                                          
   20250   1.11503e+05                                                          
   20350   1.09723e+05                                                          
   20450   1.09046e+05                                                          
   20550   1.06911e+05                                                          
   20650   1.04458e+05                                                          
   20750   1.03136e+05                                                          
   20850   1.01319e+05                                                          
   20950   9.85942e+04                                                          
   21050   9.81008e+04                                                          
   21150   9.60735e+04                                                          
   21250   9.46669e+04                                                          
   21350   9.35612e+04                                                          
   21450   9.19637e+04                                                          
   21550   9.04563e+04                                                          
   21650   8.85788e+04                                                          
   21750   8.68764e+04                                                          
   21850   8.57816e+04                                                          
   21950   8.45164e+04                                                          
   22050   8.14504e+04                                                          
   22150   8.21245e+04                                                          
   22250   7.95809e+04                                                          
   22350   7.87576e+04                                                          
   22450   7.76530e+04                                                          
   22550   7.68385e+04                                                          
   22650   7.47052e+04                                                          
   22750   7.45550e+04                                                          
   22850   7.27004e+04                                                          
   22950   6.42226e+04                                                          
   23050   6.73320e+04                                                          
   23150   6.68746e+04                                                          
   23250   5.89777e+04                                                          
   23350   6.19223e+04                                                          
   23450   6.28891e+04                                                          
   23550   5.53160e+04                                                          
   23650   5.90513e+04                                                          
   23750   5.91929e+04                                                          
   23850   5.28158e+04                                                          
   23950   5.56349e+04                                                          
   24050   5.62762e+04                                                          
   24150   5.11725e+04                                                          
   24250   5.29740e+04                                                          
   24350   5.35652e+04                                                          
   24450   5.04379e+04                                                          
   24550   4.98070e+04                                                          
   24650   5.14898e+04                                                          
   24750   4.95574e+04                                                          
   24850   4.73805e+04                                                          
   24950   4.86466e+04                                                          
   25050   4.93330e+04                                                          
   25150   4.60749e+04                                                          
   25250   4.71514e+04                                                          
   25350   4.70190e+04                                                          
   25450   4.57005e+04                                                          
   25550   4.52259e+04                                                          
   25650   4.50325e+04                                                          
   25750   4.50035e+04                                                          
   25850   4.30445e+04                                                          
   25950   4.33349e+04                                                          
   26050   4.32148e+04                                                          
   26150   4.25851e+04                                                          
   26250   4.17235e+04                                                          
   26350   4.15352e+04                                                          
   26450   4.10435e+04                                                          
   26550   4.05818e+04                                                          
   26650   3.95670e+04                                                          
   26750   4.01230e+04                                                          
   26850   3.95419e+04                                                          
   26950   3.88346e+04                                                          
   27050   3.85644e+04                                                          
   27150   3.81295e+04                                                          
   27250   3.77049e+04                                                          
   27350   3.71475e+04                                                          
   27450   3.68662e+04                                                          
   27550   3.65090e+04                                                          
   27650   3.58784e+04                                                          
   27750   3.53789e+04                                                          
   27850   3.50619e+04                                                          
   27950   3.47777e+04                                                          
   28050   3.42909e+04                                                          
   28150   3.38010e+04                                                          
   28250   3.34344e+04                                                          
   28350   3.31318e+04                                                          
   28450   3.26326e+04                                                          
   28550   3.22396e+04                                                          
   28650   3.18543e+04                                                          
   28750   3.15010e+04                                                          
   28850   3.10972e+04                                                          
   28950   3.07196e+04                                                          
   29050   3.02982e+04                                                          
   29150   2.99538e+04                                                          
   29250   2.92643e+04                                                          
   29350   2.91906e+04                                                          
   29450   2.88157e+04                                                          
   29550   2.84905e+04                                                          
   29650   2.81909e+04                                                          
   29750   2.78608e+04                                                          
   29850   2.74699e+04                                                          
   29950   2.71049e+04                                                          
   30050   2.67947e+04                                                          
   30150   2.65196e+04                                                          
   30250   2.61257e+04                                                          
   30350   2.58093e+04                                                          
   30450   2.55677e+04                                                          
   30550   2.52168e+04                                                          
   30650   2.48879e+04                                                          
   30750   2.46476e+04                                                          
   30850   2.42336e+04                                                          
   30950   2.40209e+04                                                          
   31050   2.37781e+04                                                          
   31150   2.32982e+04                                                          
   31250   2.32033e+04                                                          
   31350   2.29323e+04                                                          
   31450   2.26570e+04                                                          
   31550   2.23413e+04                                                          
   31650   2.20543e+04                                                          
   31750   2.18716e+04                                                          
   31850   2.16151e+04                                                          
   31950   2.13790e+04                                                          
   32100   2.09853e+04                                                          
   32300   2.04848e+04                                                          
   32500   2.00212e+04                                                          
   32700   1.95516e+04                                                          
   32900   1.91085e+04                                                          
   33100   1.86638e+04                                                          
   33300   1.82143e+04                                                          
   33500   1.78713e+04                                                          
   33700   1.74561e+04                                                          
   33900   1.70326e+04                                                          
   34100   1.66313e+04                                                          
   34300   1.63400e+04                                                          
   34500   1.60030e+04                                                          
   34700   1.56478e+04                                                          
   34900   1.53154e+04                                                          
   35100   1.50041e+04                                                          
   35300   1.46575e+04                                                          
   35500   1.43682e+04                                                          
   35700   1.40524e+04                                                          
   35900   1.37557e+04                                                          
   36100   1.34906e+04                                                          
   36300   1.32104e+04                                                          
   36500   1.29112e+04                                                          
   36700   1.26284e+04                                                          
   36900   1.23307e+04                                                          
   37100   1.20692e+04                                                          
   37300   1.18815e+04                                                          
   37500   1.15973e+04                                                          
   37700   1.14121e+04                                                          
   37900   1.11776e+04                                                          
   38100   1.09730e+04                                                          
   38300   1.07737e+04                                                          
   38500   1.05666e+04                                                          
   38700   1.03047e+04                                                          
   38900   1.01412e+04                                                          
   39100   9.96321e+03                                                          
   39300   9.77045e+03                                                          
   39500   9.54110e+03                                                          
   39700   9.38206e+03                                                          
   39900   9.15039e+03                                                          
   40100   9.01833e+03                                                          
   40300   8.87514e+03                                                          
   40500   8.68242e+03                                                          
   40700   8.53794e+03                                                          
   40900   8.38654e+03                                                          
   41100   8.23200e+03                                                          
   41300   8.09130e+03                                                          
   41500   7.93482e+03                                                          
   41700   7.79062e+03                                                          
   41900   7.61943e+03                                                          
   42100   7.46534e+03                                                          
   42300   7.38754e+03                                                          
   42500   7.23519e+03                                                          
   42700   7.12416e+03                                                          
   42900   6.64414e+03                                                          
   43100   6.16243e+03                                                          
   43300   6.18661e+03                                                          
   43500   5.79645e+03                                                          
   43700   5.56530e+03                                                          
   43900   5.42778e+03                                                          
   44100   5.13930e+03                                                          
   44300   5.02847e+03                                                          
   44500   4.94904e+03                                                          
   44700   4.70608e+03                                                          
   44900   4.72230e+03                                                          
   45100   4.56785e+03                                                          
   45300   4.43428e+03                                                          
   45500   4.43720e+03                                                          
   45700   4.40293e+03                                                          
   45900   4.22935e+03                                                          
   46100   4.27218e+03                                                          
   46300   4.18769e+03                                                          
   46500   4.16993e+03                                                          
   46700   4.17399e+03                                                          
   46900   4.08750e+03                                                          
   47100   4.00458e+03                                                          
   47300   4.05591e+03                                                          
   47500   3.94029e+03                                                          
   47700   3.89098e+03                                                          
   47900   3.87528e+03                                                          
   48100   3.74656e+03                                                          
   48300   3.80524e+03                                                          
   48500   3.73080e+03                                                          
   48700   3.63727e+03                                                          
   48900   3.58100e+03                                                          
   49100   3.55691e+03                                                          
   49300   3.48780e+03                                                          
   49500   3.42125e+03                                                          
   49700   3.41508e+03                                                          
   49900   3.36407e+03                                                          
   50100   3.31806e+03                                                          
   50300   3.27973e+03                                                          
   50500   3.19888e+03                                                          
   50700   3.18932e+03                                                          
   50900   3.14774e+03                                                          
   51100   3.07915e+03                                                          
   51300   3.09146e+03                                                          
   51500   3.01731e+03                                                          
   51700   3.01613e+03                                                          
   51900   2.95286e+03                                                          
   52100   2.93655e+03                                                          
   52300   2.87139e+03                                                          
   52500   2.86104e+03                                                          
   52700   2.85409e+03                                                          
   52900   2.77260e+03                                                          
   53100   2.74729e+03                                                          
   53300   2.72937e+03                                                          
   53500   2.69760e+03                                                          
   53700   2.67534e+03                                                          
   53900   2.64475e+03                                                          
   54100   2.61483e+03                                                          
   54300   2.55615e+03                                                          
   54500   2.55660e+03                                                          
   54700   2.51758e+03                                                          
   54900   2.48773e+03                                                          
   55100   2.45987e+03                                                          
   55300   2.47772e+03                                                          
   55500   2.39542e+03                                                          
   55700   2.40530e+03                                                          
   55900   2.36122e+03                                                          
   56100   2.34160e+03                                                          
   56300   2.29786e+03                                                          
   56500   2.29252e+03                                                          
   56700   2.26727e+03                                                          
   56900   2.22321e+03                                                          
   57100   2.22139e+03                                                          
   57300   2.19016e+03                                                          
   57500   2.16756e+03                                                          
   57700   2.13491e+03                                                          
   57900   2.12626e+03                                                          
   58100   2.08700e+03                                                          
   58300   2.06706e+03                                                          
   58500   2.04639e+03                                                          
   58700   2.01229e+03                                                          
   58900   1.99173e+03                                                          
   59100   1.97391e+03                                                          
   59300   1.95165e+03                                                          
   59500   1.92524e+03                                                          
   59700   1.91011e+03                                                          
   59900   1.88682e+03                                                          
   60100   1.86522e+03                                                          
   60300   1.84267e+03                                                          
   60500   1.81426e+03                                                          
   60700   1.79415e+03                                                          
   60900   1.77424e+03                                                          
   61100   1.74938e+03                                                          
   61300   1.73348e+03                                                          
   61500   1.71478e+03                                                          
   61700   1.69653e+03                                                          
   61900   1.67744e+03                                                          
   62100   1.65960e+03                                                          
   62300   1.63710e+03                                                          
   62500   1.61451e+03                                                          
   62700   1.59440e+03                                                          
   62900   1.57982e+03                                                          
   63100   1.55977e+03                                                          
   63300   1.54714e+03                                                          
   63500   1.52549e+03                                                          
   63700   1.51238e+03                                                          
   63900   1.49121e+03                                                          
   64200   1.46651e+03                                                          
   64600   1.43197e+03                                                          
   65000   1.39947e+03                                                          
   65400   1.36793e+03                                                          
   65800   1.33786e+03                                                          
   66200   1.30675e+03                                                          
   66600   1.27734e+03                                                          
   67000   1.24875e+03                                                          
   67400   1.22001e+03                                                          
   67800   1.19282e+03                                                          
   68200   1.16582e+03                                                          
   68600   1.14055e+03                                                          
   69000   1.11512e+03                                                          
   69400   1.09045e+03                                                          
   69800   1.06672e+03                                                          
   70200   1.04267e+03                                                          
   70600   1.02045e+03                                                          
   71000   9.98396e+02                                                          
   71400   9.76915e+02                                                          
   71800   9.55779e+02                                                          
   72200   9.35556e+02                                                          
   72600   9.15606e+02                                                          
   73000   8.96283e+02                                                          
   73400   8.77059e+02                                                          
   73800   8.58903e+02                                                          
   74200   8.39997e+02                                                          
   74600   8.22695e+02                                                          
   75000   8.05949e+02                                                          
   75400   7.88920e+02                                                          
   75800   7.73937e+02                                                          
   76200   7.58171e+02                                                          
   76600   7.42854e+02                                                          
   77000   7.27714e+02                                                          
   77400   7.13306e+02                                                          
   77800   6.99115e+02                                                          
   78200   6.85216e+02                                                          
   78600   6.71679e+02                                                          
   79000   6.58458e+02                                                          
   79400   6.45620e+02                                                          
   79800   6.33101e+02                                                          
   80200   6.20332e+02                                                          
   80600   6.08541e+02                                                          
   81000   5.97063e+02                                                          
   81400   5.85545e+02                                                          
   81800   5.74635e+02                                                          
   82200   5.63785e+02                                                          
   82600   5.53135e+02                                                          
   83000   5.42768e+02                                                          
   83400   5.32368e+02                                                          
   83800   5.22346e+02                                                          
   84200   5.13031e+02                                                          
   84600   5.03499e+02                                                          
   85000   4.94357e+02                                                          
   85400   4.85412e+02                                                          
   85800   4.76662e+02                                                          
   86200   4.68052e+02                                                          
   86600   4.59677e+02                                                          
   87000   4.51404e+02                                                          
   87400   4.43404e+02                                                          
   87800   4.35515e+02                                                          
   88200   4.27736e+02                                                          
   88600   4.20246e+02                                                          
   89000   4.12798e+02                                                          
   89400   4.05737e+02                                                          
   89800   3.98413e+02                                                          
   90200   3.91807e+02                                                          
   90600   3.85082e+02                                                          
   91000   3.78040e+02                                                          
   91400   3.71940e+02                                                          
   91800   3.65532e+02                                                          
   92200   3.59546e+02                                                          
   92600   3.53482e+02                                                          
   93000   3.47564e+02                                                          
   93400   3.41748e+02                                                          
   93800   3.36072e+02                                                          
   94200   3.30508e+02                                                          
   94600   3.25026e+02                                                          
   95000   3.19703e+02                                                          
   95400   3.14472e+02                                                          
   95800   3.09369e+02                                                          
   96200   3.04339e+02                                                          
   96600   2.99421e+02                                                          
   97000   2.94612e+02                                                          
   97400   2.89618e+02                                                          
   97800   2.85198e+02                                                          
   98200   2.80715e+02                                                          
   98600   2.76272e+02                                                          
   99000   2.71915e+02                                                          
   99400   2.67631e+02                                                          
   99800   2.63455e+02                                                          
  100200   2.59337e+02                                                          
  200000   1.68810e+01                                                          
  400000   1.06651e+00                                                          
  600000   2.10448e-01                                                          
  800000   6.63591e-02                                                          
 1000000   2.70737e-02                                                          
 1200000   1.30043e-02                                                          
 1400000   6.99312e-03                                                          
 1600000   4.08430e-03                                                          
