      91   1.00000e-21
      94   1.00000e-21                                                          
      96   1.00000e-21                                                          
      98   1.00000e-21                                                          
     100   1.00000e-21                                                          
     102   1.00000e-21                                                          
     104   1.00000e-21                                                          
     106   1.00000e-21                                                          
     108   1.00000e-21                                                          
     110   1.00000e-21                                                          
     114   1.00000e-21                                                          
     118   1.00000e-21                                                          
     121   1.00000e-21                                                          
     125   1.00000e-21                                                          
     127   1.00000e-21                                                          
     128   1.00000e-21                                                          
     130   1.00000e-21                                                          
     132   1.00000e-21                                                          
     134   1.00000e-21                                                          
     137   1.00000e-21                                                          
     140   1.00000e-21                                                          
     143   1.00000e-21                                                          
     147   1.00000e-21                                                          
     151   1.00000e-21                                                          
     155   1.00000e-21                                                          
     159   1.00000e-21                                                          
     162   1.00000e-21                                                          
     166   1.00000e-21                                                          
     170   1.00000e-21                                                          
     173   1.00000e-21                                                          
     177   1.00000e-21                                                          
     180   1.00000e-21                                                          
     182   1.00000e-21                                                          
     186   1.00000e-21                                                          
     191   1.00000e-21                                                          
     194   1.00000e-21                                                          
     198   1.00000e-21                                                          
     202   1.00000e-21                                                          
     205   1.00000e-21                                                          
     210   1.00000e-21                                                          
     216   1.00000e-21                                                          
     220   1.00000e-21                                                          
     223   1.00000e-21                                                          
     227   1.00000e-21                                                          
     230   1.00000e-21                                                          
     234   1.00000e-21                                                          
     240   1.00000e-21                                                          
     246   1.00000e-21                                                          
     252   1.00000e-21                                                          
     257   1.00000e-21                                                          
     260   1.00000e-21                                                          
     264   1.00000e-21                                                          
     268   1.00000e-21                                                          
     274   1.00000e-21                                                          
     278   1.00000e-21                                                          
     284   1.00000e-21                                                          
     290   1.00000e-21                                                          
     296   1.00000e-21                                                          
     301   1.00000e-21                                                          
     308   1.00000e-21                                                          
     318   1.00000e-21                                                          
     328   1.00000e-21                                                          
     338   1.00000e-21                                                          
     348   1.00000e-21                                                          
     357   1.00000e-21                                                          
     366   1.00000e-21                                                          
     375   1.00000e-21                                                          
     385   1.00000e-21                                                          
     395   1.00000e-21                                                          
     405   1.00000e-21                                                          
     414   1.00000e-21                                                          
     422   1.00000e-21                                                          
     430   1.00000e-21                                                          
     441   1.00000e-21                                                          
     451   1.00000e-21                                                          
     460   1.00000e-21                                                          
     470   1.00000e-21                                                          
     480   1.00000e-21                                                          
     490   1.00000e-21                                                          
     500   1.00000e-21                                                          
     506   1.00000e-21                                                          
     512   1.00000e-21                                                          
     520   1.00000e-21                                                          
     530   1.00000e-21                                                          
     540   1.00000e-21                                                          
     550   1.00000e-21                                                          
     560   1.00000e-21                                                          
     570   1.00000e-21                                                          
     580   1.00000e-21                                                          
     590   1.00000e-21                                                          
     600   1.00000e-21                                                          
     610   1.00000e-21                                                          
     620   1.00000e-21                                                          
     630   1.00000e-21                                                          
     640   1.00000e-21                                                          
     650   1.00000e-21                                                          
     658   1.00000e-21                                                          
     665   1.00000e-21                                                          
     675   1.00000e-21                                                          
     685   1.00000e-21                                                          
     695   1.00000e-21                                                          
     705   1.00000e-21                                                          
     716   1.00000e-21                                                          
     726   1.00000e-21                                                          
     735   1.00000e-21                                                          
     745   1.00000e-21                                                          
     755   1.00000e-21                                                          
     765   1.00000e-21                                                          
     775   1.00000e-21                                                          
     785   1.00000e-21                                                          
     795   1.00000e-21                                                          
     805   1.00000e-21                                                          
     815   1.00000e-21                                                          
     825   1.00000e-21                                                          
     835   1.00000e-21                                                          
     845   1.00000e-21                                                          
     855   1.00000e-21                                                          
     865   1.00000e-21                                                          
     875   1.00000e-21                                                          
     885   1.00000e-21                                                          
     895   1.00000e-21                                                          
     905   1.00000e-21                                                          
     915   1.00000e-21                                                          
     925   2.03177e-12                                                          
     935   2.94722e-12                                                          
     945   4.37973e-12                                                          
     955   5.80227e-12                                                          
     965   1.14267e-11                                                          
     975   1.40476e-11                                                          
     985   2.29409e-11                                                          
     995   3.71370e-11                                                          
    1005   5.31516e-11                                                          
    1015   7.75891e-11                                                          
    1025   1.00802e-10                                                          
    1035   2.59553e-10                                                          
    1045   3.71262e-10                                                          
    1055   4.38975e-10                                                          
    1065   9.19594e-10                                                          
    1075   1.31785e-09                                                          
    1085   2.31058e-09                                                          
    1095   3.00666e-09                                                          
    1105   4.15085e-09                                                          
    1115   5.50959e-09                                                          
    1125   1.11084e-08                                                          
    1135   1.82441e-08                                                          
    1145   2.86478e-08                                                          
    1155   3.99872e-08                                                          
    1165   5.27150e-08                                                          
    1175   7.68268e-08                                                          
    1185   9.68576e-08                                                          
    1195   1.16539e-07                                                          
    1205   1.08221e-07                                                          
    1215   6.15123e-08                                                          
    1225   1.82605e-07                                                          
    1235   4.00369e-07                                                          
    1245   5.80474e-07                                                          
    1255   7.80248e-07                                                          
    1265   1.00199e-06                                                          
    1275   1.33732e-06                                                          
    1285   1.45471e-06                                                          
    1295   1.88868e-06                                                          
    1305   2.32810e-06                                                          
    1315   3.04712e-06                                                          
    1325   3.62922e-06                                                          
    1335   4.25551e-06                                                          
    1345   5.75375e-06                                                          
    1355   7.39805e-06                                                          
    1365   8.79736e-06                                                          
    1375   1.01204e-05                                                          
    1385   1.20922e-05                                                          
    1395   1.46918e-05                                                          
    1405   1.98353e-05                                                          
    1415   2.39837e-05                                                          
    1425   2.88929e-05                                                          
    1435   3.77159e-05                                                          
    1442   4.92220e-05                                                          
    1447   4.38842e-05                                                          
    1455   5.60227e-05                                                          
    1465   7.85246e-05                                                          
    1475   9.29958e-05                                                          
    1485   9.88004e-05                                                          
    1495   1.47156e-04                                                          
    1505   1.94507e-04                                                          
    1512   1.35813e-04                                                          
    1517   1.99117e-04                                                          
    1525   3.88953e-04                                                          
    1535   5.80239e-04                                                          
    1545   4.66933e-04                                                          
    1555   7.04022e-04                                                          
    1565   6.91381e-04                                                          
    1575   1.63162e-03                                                          
    1585   1.64122e-03                                                          
    1595   1.54349e-03                                                          
    1605   1.60923e-03                                                          
    1615   1.65221e-03                                                          
    1625   1.73348e-03                                                          
    1635   2.23373e-03                                                          
    1645   2.94680e-03                                                          
    1655   2.69117e-03                                                          
    1665   4.03190e-03                                                          
    1672   3.45134e-03                                                          
    1677   5.29500e-03                                                          
    1685   7.22697e-03                                                          
    1695   1.02970e-02                                                          
    1705   1.11592e-02                                                          
    1715   1.18990e-02                                                          
    1725   1.61997e-02                                                          
    1735   1.91303e-02                                                          
    1745   2.64343e-02                                                          
    1755   2.65809e-02                                                          
    1765   3.73086e-02                                                          
    1775   2.99516e-02                                                          
    1785   6.42260e-02                                                          
    1795   5.10704e-02                                                          
    1805   9.93927e-02                                                          
    1815   6.28557e-02                                                          
    1825   1.10033e-01                                                          
    1835   9.17925e-02                                                          
    1845   1.31407e-01                                                          
    1855   9.70550e-02                                                          
    1865   1.84063e-01                                                          
    1875   1.61093e-01                                                          
    1885   2.12128e-01                                                          
    1895   2.64093e-01                                                          
    1905   2.76415e-01                                                          
    1915   4.16267e-01                                                          
    1925   3.20857e-01                                                          
    1935   2.29552e-01                                                          
    1945   4.68063e-01                                                          
    1955   6.93017e-01                                                          
    1967   7.23949e-01                                                          
    1976   8.70191e-01                                                          
    1984   1.13012e+00                                                          
    1995   9.59842e-01                                                          
    2005   1.10830e+00                                                          
    2015   1.24311e+00                                                          
    2025   1.11585e+00                                                          
    2035   1.41376e+00                                                          
    2045   1.45273e+00                                                          
    2055   1.78034e+00                                                          
    2065   1.61694e+00                                                          
    2074   1.50283e+00                                                          
    2078   3.11450e+00                                                          
    2085   4.18102e+00                                                          
    2095   4.58928e+00                                                          
    2105   3.93361e+00                                                          
    2115   3.66381e+00                                                          
    2125   4.19585e+00                                                          
    2135   5.79693e+00                                                          
    2145   4.27200e+00                                                          
    2155   5.30973e+00                                                          
    2165   5.13441e+00                                                          
    2175   5.57959e+00                                                          
    2185   4.88411e+00                                                          
    2195   9.16970e+00                                                          
    2205   7.03467e+00                                                          
    2215   9.14295e+00                                                          
    2225   8.02470e+00                                                          
    2235   1.50640e+01                                                          
    2245   1.63319e+01                                                          
    2255   2.07787e+01                                                          
    2265   9.00647e+00                                                          
    2275   1.96788e+01                                                          
    2285   1.89321e+01                                                          
    2295   3.30721e+01                                                          
    2305   1.06273e+01                                                          
    2315   4.20285e+01                                                          
    2325   2.97928e+01                                                          
    2335   5.09208e+01                                                          
    2345   2.97839e+01                                                          
    2355   2.34384e+01                                                          
    2365   3.44943e+01                                                          
    2375   3.22401e+01                                                          
    2385   5.95493e+01                                                          
    2395   5.21081e+01                                                          
    2405   9.77079e+01                                                          
    2415   5.88274e+01                                                          
    2425   7.97690e+01                                                          
    2435   1.13667e+02                                                          
    2445   1.63653e+02                                                          
    2455   1.88285e+02                                                          
    2465   1.09840e+02                                                          
    2475   1.95414e+02                                                          
    2485   5.70706e+01                                                          
    2495   7.52498e+01                                                          
    2505   1.67226e+02                                                          
    2513   1.04208e+02                                                          
    2518   9.74115e+01                                                          
    2525   1.18322e+02                                                          
    2535   3.29490e+02                                                          
    2545   3.89317e+02                                                          
    2555   4.78968e+02                                                          
    2565   2.51564e+02                                                          
    2575   4.34970e+02                                                          
    2585   3.11752e+02                                                          
    2595   3.95899e+02                                                          
    2605   5.46834e+02                                                          
    2615   4.82037e+02                                                          
    2625   7.43749e+02                                                          
    2635   1.30979e+03                                                          
    2645   1.02690e+03                                                          
    2655   2.06796e+03                                                          
    2665   1.25323e+03                                                          
    2675   1.15494e+03                                                          
    2685   1.64533e+03                                                          
    2695   9.05426e+02                                                          
    2705   1.70345e+03                                                          
    2715   1.40042e+03                                                          
    2725   1.11293e+03                                                          
    2735   1.26210e+03                                                          
    2745   1.65830e+03                                                          
    2755   1.70427e+03                                                          
    2765   2.40878e+03                                                          
    2775   3.27565e+03                                                          
    2785   2.00603e+03                                                          
    2795   1.90513e+03                                                          
    2805   2.07400e+03                                                          
    2815   2.80671e+03                                                          
    2825   3.00130e+03                                                          
    2835   2.51868e+03                                                          
    2845   1.72926e+03                                                          
    2855   7.62385e+02                                                          
    2865   2.60412e+03                                                          
    2875   3.15431e+03                                                          
    2885   4.57799e+03                                                          
    2895   6.26583e+03                                                          
    2910   1.48054e+04                                                          
    2930   1.08432e+04                                                          
    2950   8.02634e+03                                                          
    2970   7.52926e+03                                                          
    2990   8.22656e+03                                                          
    3010   7.94541e+03                                                          
    3030   1.07757e+04                                                          
    3050   1.20131e+04                                                          
    3070   1.99580e+04                                                          
    3090   1.81305e+04                                                          
    3110   3.49965e+04                                                          
    3130   2.80523e+04                                                          
    3150   4.12667e+04                                                          
    3170   5.35032e+04                                                          
    3190   3.82998e+04                                                          
    3210   4.12641e+04                                                          
    3230   3.62731e+04                                                          
    3250   7.01587e+04                                                          
    3270   9.15552e+04                                                          
    3290   1.01427e+05                                                          
    3310   7.93157e+04                                                          
    3330   8.62807e+04                                                          
    3350   7.99472e+04                                                          
    3370   4.24375e+04                                                          
    3390   5.16029e+04                                                          
    3410   5.52544e+04                                                          
    3430   6.36070e+04                                                          
    3450   6.40786e+04                                                          
    3470   6.45502e+04                                                          
    3490   9.19346e+04                                                          
    3510   1.18767e+05                                                          
    3530   1.00575e+05                                                          
    3550   1.31255e+05                                                          
    3570   5.53279e+04                                                          
    3590   5.88210e+04                                                          
    3610   9.52832e+04                                                          
    3630   1.15522e+05                                                          
    3640   1.30899e+05                                                          
    3650   1.62956e+05                                                          
    3670   1.94055e+05                                                          
    3690   1.42383e+05                                                          
    3710   1.25431e+05                                                          
    3730   5.14691e+04                                                          
    3750   6.50515e+04                                                          
    3770   1.39779e+05                                                          
    3790   1.50772e+05                                                          
    3810   1.23369e+05                                                          
    3830   4.90454e+04                                                          
    3850   8.37498e+04                                                          
    3870   7.71047e+04                                                          
    3890   1.09662e+05                                                          
    3910   1.68940e+05                                                          
    3930   6.21142e+04                                                          
    3950   1.43716e+05                                                          
    3970   9.29228e+04                                                          
    3990   2.79882e+05                                                          
    4010   3.21865e+05                                                          
    4030   2.90805e+05                                                          
    4050   2.77222e+05                                                          
    4070   2.43737e+05                                                          
    4090   3.72760e+05                                                          
    4110   3.02950e+05                                                          
    4130   2.98251e+05                                                          
    4150   2.76020e+05                                                          
    4170   2.89743e+05                                                          
    4190   2.89019e+05                                                          
    4210   2.82308e+05                                                          
    4230   2.26746e+05                                                          
    4250   2.92256e+05                                                          
    4270   2.68300e+05                                                          
    4290   2.60188e+05                                                          
    4310   2.42415e+05                                                          
    4330   3.84019e+05                                                          
    4350   4.09305e+05                                                          
    4370   4.37843e+05                                                          
    4390   3.57559e+05                                                          
    4410   3.76391e+05                                                          
    4430   4.25458e+05                                                          
    4450   4.39967e+05                                                          
    4470   4.89501e+05                                                          
    4490   5.09621e+05                                                          
    4510   6.17505e+05                                                          
    4530   5.03746e+05                                                          
    4550   5.53672e+05                                                          
    4570   6.04612e+05                                                          
    4590   5.73627e+05                                                          
    4610   5.90667e+05                                                          
    4630   5.80596e+05                                                          
    4650   5.79384e+05                                                          
    4670   6.27548e+05                                                          
    4690   6.09886e+05                                                          
    4710   5.82609e+05                                                          
    4730   5.93504e+05                                                          
    4750   5.97286e+05                                                          
    4770   5.76319e+05                                                          
    4790   5.93049e+05                                                          
    4810   6.28452e+05                                                          
    4830   6.43511e+05                                                          
    4850   6.29752e+05                                                          
    4870   5.70793e+05                                                          
    4890   6.12320e+05                                                          
    4910   6.14356e+05                                                          
    4930   5.77903e+05                                                          
    4950   6.06473e+05                                                          
    4970   5.93252e+05                                                          
    4990   5.35146e+05                                                          
    5010   4.83106e+05                                                          
    5030   5.22213e+05                                                          
    5050   4.93869e+05                                                          
    5070   5.01456e+05                                                          
    5090   4.68178e+05                                                          
    5110   4.75129e+05                                                          
    5130   4.52166e+05                                                          
    5150   4.22342e+05                                                          
    5170   3.71955e+05                                                          
    5190   4.07296e+05                                                          
    5210   4.83262e+05                                                          
    5230   6.02196e+05                                                          
    5250   6.58396e+05                                                          
    5270   5.30308e+05                                                          
    5290   6.64418e+05                                                          
    5310   7.29553e+05                                                          
    5330   6.02352e+05                                                          
    5350   6.87556e+05                                                          
    5370   6.69886e+05                                                          
    5390   6.52128e+05                                                          
    5410   6.40555e+05                                                          
    5430   6.43369e+05                                                          
    5450   6.71035e+05                                                          
    5470   6.83410e+05                                                          
    5490   6.97378e+05                                                          
    5510   6.78184e+05                                                          
    5530   7.13599e+05                                                          
    5550   7.25595e+05                                                          
    5570   7.01686e+05                                                          
    5590   6.72919e+05                                                          
    5610   7.20635e+05                                                          
    5630   7.23658e+05                                                          
    5650   7.37928e+05                                                          
    5670   7.15237e+05                                                          
    5690   7.32737e+05                                                          
    5710   6.97969e+05                                                          
    5730   7.66809e+05                                                          
    5750   7.45380e+05                                                          
    5770   7.55710e+05                                                          
    5790   7.14907e+05                                                          
    5810   7.55643e+05                                                          
    5830   7.81232e+05                                                          
    5850   7.52668e+05                                                          
    5870   7.59520e+05                                                          
    5890   6.61940e+05                                                          
    5910   7.52260e+05                                                          
    5930   7.53162e+05                                                          
    5950   7.53358e+05                                                          
    5970   7.68001e+05                                                          
    5990   7.55228e+05                                                          
    6010   7.41810e+05                                                          
    6030   7.61138e+05                                                          
    6050   7.72822e+05                                                          
    6070   7.64874e+05                                                          
    6090   7.36481e+05                                                          
    6110   7.40951e+05                                                          
    6130   6.90904e+05                                                          
    6150   7.27666e+05                                                          
    6170   6.74068e+05                                                          
    6190   7.43110e+05                                                          
    6210   7.36248e+05                                                          
    6230   7.15308e+05                                                          
    6250   6.90998e+05                                                          
    6270   7.20639e+05                                                          
    6290   7.34946e+05                                                          
    6310   7.11712e+05                                                          
    6330   7.22694e+05                                                          
    6350   7.27903e+05                                                          
    6370   7.25261e+05                                                          
    6390   7.39347e+05                                                          
    6410   7.20382e+05                                                          
    6430   7.26755e+05                                                          
    6450   7.16432e+05                                                          
    6470   7.10119e+05                                                          
    6490   6.98204e+05                                                          
    6510   7.27508e+05                                                          
    6530   7.35264e+05                                                          
    6550   7.20774e+05                                                          
    6570   7.02752e+05                                                          
    6590   7.22488e+05                                                          
    6610   7.30995e+05                                                          
    6630   7.26891e+05                                                          
    6650   7.26783e+05                                                          
    6670   7.13239e+05                                                          
    6690   7.31006e+05                                                          
    6710   7.03430e+05                                                          
    6730   7.28961e+05                                                          
    6750   7.15015e+05                                                          
    6770   7.21602e+05                                                          
    6790   7.11999e+05                                                          
    6810   7.13512e+05                                                          
    6830   7.22321e+05                                                          
    6850   7.00143e+05                                                          
    6870   7.08980e+05                                                          
    6890   7.14342e+05                                                          
    6910   7.10062e+05                                                          
    6930   7.04721e+05                                                          
    6950   7.02384e+05                                                          
    6970   7.07517e+05                                                          
    6990   6.97265e+05                                                          
    7010   6.85409e+05                                                          
    7030   6.96729e+05                                                          
    7050   7.00985e+05                                                          
    7070   6.88915e+05                                                          
    7090   6.84772e+05                                                          
    7110   6.85954e+05                                                          
    7130   6.73619e+05                                                          
    7150   6.64273e+05                                                          
    7170   6.77344e+05                                                          
    7190   6.53910e+05                                                          
    7210   6.63828e+05                                                          
    7230   6.79821e+05                                                          
    7250   6.74318e+05                                                          
    7270   6.76989e+05                                                          
    7290   6.63802e+05                                                          
    7310   6.70296e+05                                                          
    7330   6.64657e+05                                                          
    7350   6.64130e+05                                                          
    7370   6.74263e+05                                                          
    7390   6.60078e+05                                                          
    7410   6.48679e+05                                                          
    7430   6.62787e+05                                                          
    7450   6.60421e+05                                                          
    7470   6.64884e+05                                                          
    7490   6.59842e+05                                                          
    7510   6.64348e+05                                                          
    7530   6.67739e+05                                                          
    7550   6.70033e+05                                                          
    7570   6.64216e+05                                                          
    7590   6.58930e+05                                                          
    7610   6.57811e+05                                                          
    7630   6.60547e+05                                                          
    7650   6.60909e+05                                                          
    7670   6.31925e+05                                                          
    7690   6.57417e+05                                                          
    7710   6.40878e+05                                                          
    7730   6.47400e+05                                                          
    7750   6.38912e+05                                                          
    7770   6.54616e+05                                                          
    7790   6.50409e+05                                                          
    7810   6.47967e+05                                                          
    7830   6.39067e+05                                                          
    7850   6.36846e+05                                                          
    7870   6.46566e+05                                                          
    7890   6.39170e+05                                                          
    7910   6.26972e+05                                                          
    7930   6.21735e+05                                                          
    7950   6.12501e+05                                                          
    7970   6.31934e+05                                                          
    7990   6.29094e+05                                                          
    8010   6.23246e+05                                                          
    8030   6.22321e+05                                                          
    8050   6.18104e+05                                                          
    8070   6.17972e+05                                                          
    8090   6.07664e+05                                                          
    8110   6.12146e+05                                                          
    8130   6.17719e+05                                                          
    8150   6.15161e+05                                                          
    8170   6.13985e+05                                                          
    8190   5.86873e+05                                                          
    8210   5.96755e+05                                                          
    8230   6.00427e+05                                                          
    8250   6.03034e+05                                                          
    8270   6.10904e+05                                                          
    8290   6.06250e+05                                                          
    8310   5.91006e+05                                                          
    8330   5.84957e+05                                                          
    8350   5.88642e+05                                                          
    8370   5.91755e+05                                                          
    8390   5.63792e+05                                                          
    8410   5.91226e+05                                                          
    8430   5.70149e+05                                                          
    8450   5.84264e+05                                                          
    8470   5.79736e+05                                                          
    8490   5.85526e+05                                                          
    8510   5.59794e+05                                                          
    8530   5.84151e+05                                                          
    8550   5.50779e+05                                                          
    8570   5.86548e+05                                                          
    8590   5.75857e+05                                                          
    8610   5.74010e+05                                                          
    8630   5.77938e+05                                                          
    8650   5.82560e+05                                                          
    8670   5.37249e+05                                                          
    8690   5.51389e+05                                                          
    8710   5.68097e+05                                                          
    8730   5.68424e+05                                                          
    8750   5.65750e+05                                                          
    8770   5.67023e+05                                                          
    8790   5.65098e+05                                                          
    8810   5.43949e+05                                                          
    8830   5.55007e+05                                                          
    8850   5.62009e+05                                                          
    8870   5.53396e+05                                                          
    8890   5.63518e+05                                                          
    8910   5.65567e+05                                                          
    8930   5.52390e+05                                                          
    8950   5.48981e+05                                                          
    8970   5.51618e+05                                                          
    8990   5.53247e+05                                                          
    9010   5.29699e+05                                                          
    9030   5.45488e+05                                                          
    9050   5.56521e+05                                                          
    9070   5.52174e+05                                                          
    9090   5.32709e+05                                                          
    9110   5.36123e+05                                                          
    9130   5.44955e+05                                                          
    9150   5.42031e+05                                                          
    9170   5.41052e+05                                                          
    9190   5.46453e+05                                                          
    9210   5.34412e+05                                                          
    9230   5.39446e+05                                                          
    9250   5.30543e+05                                                          
    9270   5.31912e+05                                                          
    9290   5.28791e+05                                                          
    9310   5.35113e+05                                                          
    9330   5.31747e+05                                                          
    9350   5.28939e+05                                                          
    9370   5.20237e+05                                                          
    9390   5.27163e+05                                                          
    9410   5.11923e+05                                                          
    9430   5.25033e+05                                                          
    9450   5.10996e+05                                                          
    9470   5.21957e+05                                                          
    9490   5.22889e+05                                                          
    9510   5.18690e+05                                                          
    9530   5.16858e+05                                                          
    9550   5.07214e+05                                                          
    9570   5.06602e+05                                                          
    9590   5.15926e+05                                                          
    9610   5.06899e+05                                                          
    9630   5.07783e+05                                                          
    9650   4.93962e+05                                                          
    9670   4.94614e+05                                                          
    9690   5.03276e+05                                                          
    9710   4.97695e+05                                                          
    9730   4.92535e+05                                                          
    9750   4.91879e+05                                                          
    9770   4.93448e+05                                                          
    9790   4.82863e+05                                                          
    9810   4.97270e+05                                                          
    9830   4.91897e+05                                                          
    9850   4.96279e+05                                                          
    9870   4.91279e+05                                                          
    9890   4.90851e+05                                                          
    9910   4.89531e+05                                                          
    9930   4.89689e+05                                                          
    9950   4.88692e+05                                                          
    9970   4.88289e+05                                                          
    9990   4.86012e+05                                                          
   10025   4.82183e+05                                                          
   10075   4.76936e+05                                                          
   10125   4.76168e+05                                                          
   10175   4.69878e+05                                                          
   10225   4.68207e+05                                                          
   10275   4.67466e+05                                                          
   10325   4.59035e+05                                                          
   10375   4.55546e+05                                                          
   10425   4.57057e+05                                                          
   10475   4.51316e+05                                                          
   10525   4.51217e+05                                                          
   10575   4.44837e+05                                                          
   10625   4.42742e+05                                                          
   10675   4.35510e+05                                                          
   10725   4.34931e+05                                                          
   10775   4.29788e+05                                                          
   10825   4.21877e+05                                                          
   10875   4.22671e+05                                                          
   10925   4.25412e+05                                                          
   10975   4.18309e+05                                                          
   11025   4.19278e+05                                                          
   11075   4.18639e+05                                                          
   11125   4.15098e+05                                                          
   11175   4.09999e+05                                                          
   11225   4.09781e+05                                                          
   11275   4.01344e+05                                                          
   11325   4.01370e+05                                                          
   11375   3.96524e+05                                                          
   11425   3.91031e+05                                                          
   11475   3.96246e+05                                                          
   11525   3.95198e+05                                                          
   11575   3.89581e+05                                                          
   11625   3.82803e+05                                                          
   11675   3.83358e+05                                                          
   11725   3.85748e+05                                                          
   11775   3.77834e+05                                                          
   11825   3.73865e+05                                                          
   11875   3.69712e+05                                                          
   11925   3.76501e+05                                                          
   11975   3.60912e+05                                                          
   12025   3.68449e+05                                                          
   12075   3.63520e+05                                                          
   12125   3.65178e+05                                                          
   12175   3.65768e+05                                                          
   12225   3.62959e+05                                                          
   12275   3.59722e+05                                                          
   12325   3.57693e+05                                                          
   12375   3.56476e+05                                                          
   12425   3.52417e+05                                                          
   12475   3.52757e+05                                                          
   12525   3.48303e+05                                                          
   12575   3.48344e+05                                                          
   12625   3.45763e+05                                                          
   12675   3.41936e+05                                                          
   12725   3.42483e+05                                                          
   12775   3.42269e+05                                                          
   12825   3.30842e+05                                                          
   12875   3.34622e+05                                                          
   12925   3.30466e+05                                                          
   12975   3.34071e+05                                                          
   13025   3.29659e+05                                                          
   13075   3.30881e+05                                                          
   13125   3.21683e+05                                                          
   13175   3.22044e+05                                                          
   13225   3.24495e+05                                                          
   13275   3.18782e+05                                                          
   13325   3.20054e+05                                                          
   13375   3.18242e+05                                                          
   13425   3.19722e+05                                                          
   13475   3.17360e+05                                                          
   13525   3.16179e+05                                                          
   13575   3.10834e+05                                                          
   13625   3.09223e+05                                                          
   13675   3.10236e+05                                                          
   13725   3.10838e+05                                                          
   13775   3.08168e+05                                                          
   13825   3.07907e+05                                                          
   13875   3.04378e+05                                                          
   13925   3.05832e+05                                                          
   13975   3.04796e+05                                                          
   14025   2.99493e+05                                                          
   14075   3.02169e+05                                                          
   14125   2.98002e+05                                                          
   14175   3.00541e+05                                                          
   14225   2.94710e+05                                                          
   14275   2.87694e+05                                                          
   14325   2.94975e+05                                                          
   14375   2.95538e+05                                                          
   14425   2.86502e+05                                                          
   14475   2.92493e+05                                                          
   14525   2.87254e+05                                                          
   14570   2.87929e+05                                                          
   14620   2.88998e+05                                                          
   14675   2.87849e+05                                                          
   14725   2.82474e+05                                                          
   14775   2.83037e+05                                                          
   14825   2.82774e+05                                                          
   14875   2.74876e+05                                                          
   14925   2.84289e+05                                                          
   14975   2.79699e+05                                                          
   15025   2.63934e+05                                                          
   15075   2.69631e+05                                                          
   15125   2.77827e+05                                                          
   15175   2.77191e+05                                                          
   15225   2.74758e+05                                                          
   15275   2.76380e+05                                                          
   15325   2.74059e+05                                                          
   15375   2.74998e+05                                                          
   15425   2.75280e+05                                                          
   15475   2.73454e+05                                                          
   15525   2.68799e+05                                                          
   15575   2.66953e+05                                                          
   15625   2.70095e+05                                                          
   15675   2.63177e+05                                                          
   15725   2.65657e+05                                                          
   15775   2.51413e+05                                                          
   15825   2.59466e+05                                                          
   15875   2.51610e+05                                                          
   15925   2.56790e+05                                                          
   15975   2.57981e+05                                                          
   16050   2.58136e+05                                                          
   16150   2.54075e+05                                                          
   16250   2.52742e+05                                                          
   16350   2.49611e+05                                                          
   16450   2.44729e+05                                                          
   16550   2.42555e+05                                                          
   16650   2.37989e+05                                                          
   16750   2.30677e+05                                                          
   16850   2.26595e+05                                                          
   16950   2.26033e+05                                                          
   17050   2.18076e+05                                                          
   17150   2.14464e+05                                                          
   17250   2.09240e+05                                                          
   17350   2.04616e+05                                                          
   17450   2.01963e+05                                                          
   17550   1.98636e+05                                                          
   17650   1.95372e+05                                                          
   17750   1.90642e+05                                                          
   17850   1.88553e+05                                                          
   17950   1.84389e+05                                                          
   18050   1.80132e+05                                                          
   18150   1.76518e+05                                                          
   18250   1.73167e+05                                                          
   18350   1.69749e+05                                                          
   18450   1.64906e+05                                                          
   18550   1.63917e+05                                                          
   18650   1.58826e+05                                                          
   18750   1.54551e+05                                                          
   18850   1.54421e+05                                                          
   18950   1.47436e+05                                                          
   19050   1.49292e+05                                                          
   19150   1.46043e+05                                                          
   19250   1.43698e+05                                                          
   19350   1.39133e+05                                                          
   19450   1.35585e+05                                                          
   19550   1.35547e+05                                                          
   19650   1.33177e+05                                                          
   19750   1.29317e+05                                                          
   19850   1.27610e+05                                                          
   19950   1.25981e+05                                                          
   20050   1.25474e+05                                                          
   20150   1.23685e+05                                                          
   20250   1.19928e+05                                                          
   20350   1.17765e+05                                                          
   20450   1.17238e+05                                                          
   20550   1.14916e+05                                                          
   20650   1.12203e+05                                                          
   20750   1.10803e+05                                                          
   20850   1.08885e+05                                                          
   20950   1.05982e+05                                                          
   21050   1.05484e+05                                                          
   21150   1.03325e+05                                                          
   21250   1.01704e+05                                                          
   21350   1.00509e+05                                                          
   21450   9.87844e+04                                                          
   21550   9.71984e+04                                                          
   21650   9.47573e+04                                                          
   21750   9.32821e+04                                                          
   21850   9.20409e+04                                                          
   21950   9.08009e+04                                                          
   22050   8.78852e+04                                                          
   22150   8.81640e+04                                                          
   22250   8.57092e+04                                                          
   22350   8.46295e+04                                                          
   22450   8.34299e+04                                                          
   22550   8.24322e+04                                                          
   22650   8.03642e+04                                                          
   22750   8.00045e+04                                                          
   22850   7.80013e+04                                                          
   22950   7.00989e+04                                                          
   23050   7.28933e+04                                                          
   23150   7.22202e+04                                                          
   23250   6.46079e+04                                                          
   23350   6.73373e+04                                                          
   23450   6.82078e+04                                                          
   23550   6.06372e+04                                                          
   23650   6.42462e+04                                                          
   23750   6.42633e+04                                                          
   23850   5.78248e+04                                                          
   23950   6.05666e+04                                                          
   24050   6.10778e+04                                                          
   24150   5.59817e+04                                                          
   24250   5.76071e+04                                                          
   24350   5.80349e+04                                                          
   24450   5.49353e+04                                                          
   24550   5.41644e+04                                                          
   24650   5.57803e+04                                                          
   24750   5.37487e+04                                                          
   24850   5.14954e+04                                                          
   24950   5.27479e+04                                                          
   25050   5.32831e+04                                                          
   25150   5.00088e+04                                                          
   25250   5.10561e+04                                                          
   25350   5.07922e+04                                                          
   25450   4.93922e+04                                                          
   25550   4.88649e+04                                                          
   25650   4.85922e+04                                                          
   25750   4.85446e+04                                                          
   25850   4.64165e+04                                                          
   25950   4.67539e+04                                                          
   26050   4.65653e+04                                                          
   26150   4.58451e+04                                                          
   26250   4.48334e+04                                                          
   26350   4.46699e+04                                                          
   26450   4.41202e+04                                                          
   26550   4.35776e+04                                                          
   26650   4.25234e+04                                                          
   26750   4.30507e+04                                                          
   26850   4.24595e+04                                                          
   26950   4.16761e+04                                                          
   27050   4.13833e+04                                                          
   27150   4.08935e+04                                                          
   27250   4.04276e+04                                                          
   27350   3.98247e+04                                                          
   27450   3.95239e+04                                                          
   27550   3.90859e+04                                                          
   27650   3.84147e+04                                                          
   27750   3.78767e+04                                                          
   27850   3.75325e+04                                                          
   27950   3.72260e+04                                                          
   28050   3.67020e+04                                                          
   28150   3.62026e+04                                                          
   28250   3.57754e+04                                                          
   28350   3.54489e+04                                                          
   28450   3.48920e+04                                                          
   28550   3.44817e+04                                                          
   28650   3.40574e+04                                                          
   28750   3.36555e+04                                                          
   28850   3.32410e+04                                                          
   28950   3.28415e+04                                                          
   29050   3.24112e+04                                                          
   29150   3.20424e+04                                                          
   29250   3.13499e+04                                                          
   29350   3.12188e+04                                                          
   29450   3.07818e+04                                                          
   29550   3.04433e+04                                                          
   29650   3.01278e+04                                                          
   29750   2.97698e+04                                                          
   29850   2.93554e+04                                                          
   29950   2.89565e+04                                                          
   30050   2.86180e+04                                                          
   30150   2.83308e+04                                                          
   30250   2.79132e+04                                                          
   30350   2.75421e+04                                                          
   30450   2.73033e+04                                                          
   30550   2.69321e+04                                                          
   30650   2.65754e+04                                                          
   30750   2.63229e+04                                                          
   30850   2.58880e+04                                                          
   30950   2.56421e+04                                                          
   31050   2.53976e+04                                                          
   31150   2.48677e+04                                                          
   31250   2.47727e+04                                                          
   31350   2.44929e+04                                                          
   31450   2.41955e+04                                                          
   31550   2.38352e+04                                                          
   31650   2.35519e+04                                                          
   31750   2.33455e+04                                                          
   31850   2.30679e+04                                                          
   31950   2.28239e+04                                                          
   32100   2.23923e+04                                                          
   32300   2.18641e+04                                                          
   32500   2.13620e+04                                                          
   32700   2.08603e+04                                                          
   32900   2.03704e+04                                                          
   33100   1.99083e+04                                                          
   33300   1.94233e+04                                                          
   33500   1.90596e+04                                                          
   33700   1.86154e+04                                                          
   33900   1.81554e+04                                                          
   34100   1.77399e+04                                                          
   34300   1.74235e+04                                                          
   34500   1.70659e+04                                                          
   34700   1.66816e+04                                                          
   34900   1.63275e+04                                                          
   35100   1.59950e+04                                                          
   35300   1.56179e+04                                                          
   35500   1.53149e+04                                                          
   35700   1.49754e+04                                                          
   35900   1.46555e+04                                                          
   36100   1.43794e+04                                                          
   36300   1.40795e+04                                                          
   36500   1.37519e+04                                                          
   36700   1.34493e+04                                                          
   36900   1.31233e+04                                                          
   37100   1.28402e+04                                                          
   37300   1.26503e+04                                                          
   37500   1.23273e+04                                                          
   37700   1.21462e+04                                                          
   37900   1.18939e+04                                                          
   38100   1.16802e+04                                                          
   38300   1.14710e+04                                                          
   38500   1.12527e+04                                                          
   38700   1.09781e+04                                                          
   38900   1.07966e+04                                                          
   39100   1.06072e+04                                                          
   39300   1.04024e+04                                                          
   39500   1.01575e+04                                                          
   39700   9.98617e+03                                                          
   39900   9.73792e+03                                                          
   40100   9.59778e+03                                                          
   40300   9.44516e+03                                                          
   40500   9.23951e+03                                                          
   40700   9.08305e+03                                                          
   40900   8.92347e+03                                                          
   41100   8.75946e+03                                                          
   41300   8.61014e+03                                                          
   41500   8.44032e+03                                                          
   41700   8.28852e+03                                                          
   41900   8.11191e+03                                                          
   42100   7.93691e+03                                                          
   42300   7.86137e+03                                                          
   42500   7.69394e+03                                                          
   42700   7.57863e+03                                                          
   42900   7.09177e+03                                                          
   43100   6.62651e+03                                                          
   43300   6.65690e+03                                                          
   43500   6.24950e+03                                                          
   43700   6.02552e+03                                                          
   43900   5.89738e+03                                                          
   44100   5.57400e+03                                                          
   44300   5.47949e+03                                                          
   44500   5.39371e+03                                                          
   44700   5.12397e+03                                                          
   44900   5.15403e+03                                                          
   45100   4.99410e+03                                                          
   45300   4.82680e+03                                                          
   45500   4.83636e+03                                                          
   45700   4.80290e+03                                                          
   45900   4.59904e+03                                                          
   46100   4.64544e+03                                                          
   46300   4.55387e+03                                                          
   46500   4.52837e+03                                                          
   46700   4.52013e+03                                                          
   46900   4.43663e+03                                                          
   47100   4.34346e+03                                                          
   47300   4.39138e+03                                                          
   47500   4.27205e+03                                                          
   47700   4.21548e+03                                                          
   47900   4.18699e+03                                                          
   48100   4.05957e+03                                                          
   48300   4.11356e+03                                                          
   48500   4.03193e+03                                                          
   48700   3.93462e+03                                                          
   48900   3.88074e+03                                                          
   49100   3.84421e+03                                                          
   49300   3.77490e+03                                                          
   49500   3.70545e+03                                                          
   49700   3.68870e+03                                                          
   49900   3.62981e+03                                                          
   50100   3.58985e+03                                                          
   50300   3.54496e+03                                                          
   50500   3.45633e+03                                                          
   50700   3.43961e+03                                                          
   50900   3.39805e+03                                                          
   51100   3.32223e+03                                                          
   51300   3.32490e+03                                                          
   51500   3.25075e+03                                                          
   51700   3.24969e+03                                                          
   51900   3.17893e+03                                                          
   52100   3.15594e+03                                                          
   52300   3.08875e+03                                                          
   52500   3.07658e+03                                                          
   52700   3.06570e+03                                                          
   52900   2.97880e+03                                                          
   53100   2.95049e+03                                                          
   53300   2.92827e+03                                                          
   53500   2.89418e+03                                                          
   53700   2.86622e+03                                                          
   53900   2.83438e+03                                                          
   54100   2.80010e+03                                                          
   54300   2.73896e+03                                                          
   54500   2.73557e+03                                                          
   54700   2.69420e+03                                                          
   54900   2.66033e+03                                                          
   55100   2.63098e+03                                                          
   55300   2.64390e+03                                                          
   55500   2.56002e+03                                                          
   55700   2.56729e+03                                                          
   55900   2.51902e+03                                                          
   56100   2.49690e+03                                                          
   56300   2.45165e+03                                                          
   56500   2.44398e+03                                                          
   56700   2.41610e+03                                                          
   56900   2.36881e+03                                                          
   57100   2.36490e+03                                                          
   57300   2.33180e+03                                                          
   57500   2.30712e+03                                                          
   57700   2.27221e+03                                                          
   57900   2.26148e+03                                                          
   58100   2.22025e+03                                                          
   58300   2.19799e+03                                                          
   58500   2.17587e+03                                                          
   58700   2.13945e+03                                                          
   58900   2.11672e+03                                                          
   59100   2.09806e+03                                                          
   59300   2.07384e+03                                                          
   59500   2.04502e+03                                                          
   59700   2.02885e+03                                                          
   59900   2.00399e+03                                                          
   60100   1.98019e+03                                                          
   60300   1.95665e+03                                                          
   60500   1.92686e+03                                                          
   60700   1.90488e+03                                                          
   60900   1.88291e+03                                                          
   61100   1.85625e+03                                                          
   61300   1.83975e+03                                                          
   61500   1.81988e+03                                                          
   61700   1.80038e+03                                                          
   61900   1.78032e+03                                                          
   62100   1.76116e+03                                                          
   62300   1.73593e+03                                                          
   62500   1.71250e+03                                                          
   62700   1.69189e+03                                                          
   62900   1.67603e+03                                                          
   63100   1.65440e+03                                                          
   63300   1.64103e+03                                                          
   63500   1.61821e+03                                                          
   63700   1.60387e+03                                                          
   63900   1.58163e+03                                                          
   64200   1.55527e+03                                                          
   64600   1.51837e+03                                                          
   65000   1.48376e+03                                                          
   65400   1.45036e+03                                                          
   65800   1.41857e+03                                                          
   66200   1.38534e+03                                                          
   66600   1.35426e+03                                                          
   67000   1.32379e+03                                                          
   67400   1.29318e+03                                                          
   67800   1.26453e+03                                                          
   68200   1.23595e+03                                                          
   68600   1.20899e+03                                                          
   69000   1.18194e+03                                                          
   69400   1.15583e+03                                                          
   69800   1.13074e+03                                                          
   70200   1.10496e+03                                                          
   70600   1.08163e+03                                                          
   71000   1.05825e+03                                                          
   71400   1.03546e+03                                                          
   71800   1.01305e+03                                                          
   72200   9.91548e+02                                                          
   72600   9.70323e+02                                                          
   73000   9.49952e+02                                                          
   73400   9.29499e+02                                                          
   73800   9.10336e+02                                                          
   74200   8.90419e+02                                                          
   74600   8.71910e+02                                                          
   75000   8.54257e+02                                                          
   75400   8.36147e+02                                                          
   75800   8.20166e+02                                                          
   76200   8.03420e+02                                                          
   76600   7.87163e+02                                                          
   77000   7.71057e+02                                                          
   77400   7.55842e+02                                                          
   77800   7.40779e+02                                                          
   78200   7.26043e+02                                                          
   78600   7.11704e+02                                                          
   79000   6.97674e+02                                                          
   79400   6.84024e+02                                                          
   79800   6.70763e+02                                                          
   80200   6.57302e+02                                                          
   80600   6.44629e+02                                                          
   81000   6.32557e+02                                                          
   81400   6.20220e+02                                                          
   81800   6.08739e+02                                                          
   82200   5.97239e+02                                                          
   82600   5.85950e+02                                                          
   83000   5.74954e+02                                                          
   83400   5.63952e+02                                                          
   83800   5.53373e+02                                                          
   84200   5.43477e+02                                                          
   84600   5.33390e+02                                                          
   85000   5.23651e+02                                                          
   85400   5.14137e+02                                                          
   85800   5.04859e+02                                                          
   86200   4.95730e+02                                                          
   86600   4.86860e+02                                                          
   87000   4.78115e+02                                                          
   87400   4.69605e+02                                                          
   87800   4.61244e+02                                                          
   88200   4.52939e+02                                                          
   88600   4.45009e+02                                                          
   89000   4.37082e+02                                                          
   89400   4.29683e+02                                                          
   89800   4.21938e+02                                                          
   90200   4.14917e+02                                                          
   90600   4.07799e+02                                                          
   91000   4.00370e+02                                                          
   91400   3.93859e+02                                                          
   91800   3.87133e+02                                                          
   92200   3.80734e+02                                                          
   92600   3.74291e+02                                                          
   93000   3.68028e+02                                                          
   93400   3.61859e+02                                                          
   93800   3.55849e+02                                                          
   94200   3.49955e+02                                                          
   94600   3.44134e+02                                                          
   95000   3.38478e+02                                                          
   95400   3.32958e+02                                                          
   95800   3.27544e+02                                                          
   96200   3.22208e+02                                                          
   96600   3.17014e+02                                                          
   97000   3.11907e+02                                                          
   97400   3.06582e+02                                                          
   97800   3.01910e+02                                                          
   98200   2.97180e+02                                                          
   98600   2.92479e+02                                                          
   99000   2.87869e+02                                                          
   99400   2.83312e+02                                                          
   99800   2.78890e+02                                                          
  100200   2.74542e+02                                                          
  200000   1.78395e+01                                                          
  400000   1.12437e+00                                                          
  600000   2.21443e-01                                                          
  800000   6.97224e-02                                                          
 1000000   2.84107e-02                                                          
 1200000   1.36322e-02                                                          
 1400000   7.32411e-03                                                          
 1600000   4.27429e-03                                                          
