      91   1.00000e-21
      94   1.00000e-21                                                          
      96   1.00000e-21                                                          
      98   1.00000e-21                                                          
     100   1.00000e-21                                                          
     102   1.00000e-21                                                          
     104   1.00000e-21                                                          
     106   1.00000e-21                                                          
     108   1.00000e-21                                                          
     110   1.00000e-21                                                          
     114   1.00000e-21                                                          
     118   1.00000e-21                                                          
     121   1.00000e-21                                                          
     125   1.00000e-21                                                          
     127   1.00000e-21                                                          
     128   1.00000e-21                                                          
     130   1.00000e-21                                                          
     132   1.00000e-21                                                          
     134   1.00000e-21                                                          
     137   1.00000e-21                                                          
     140   1.00000e-21                                                          
     143   1.00000e-21                                                          
     147   1.00000e-21                                                          
     151   1.00000e-21                                                          
     155   1.00000e-21                                                          
     159   1.00000e-21                                                          
     162   1.00000e-21                                                          
     166   1.00000e-21                                                          
     170   1.00000e-21                                                          
     173   1.00000e-21                                                          
     177   1.00000e-21                                                          
     180   1.00000e-21                                                          
     182   1.00000e-21                                                          
     186   1.00000e-21                                                          
     191   1.00000e-21                                                          
     194   1.00000e-21                                                          
     198   1.00000e-21                                                          
     202   1.00000e-21                                                          
     205   1.00000e-21                                                          
     210   1.00000e-21                                                          
     216   1.00000e-21                                                          
     220   1.00000e-21                                                          
     223   1.00000e-21                                                          
     227   1.00000e-21                                                          
     230   1.00000e-21                                                          
     234   1.00000e-21                                                          
     240   1.00000e-21                                                          
     246   1.00000e-21                                                          
     252   1.00000e-21                                                          
     257   1.00000e-21                                                          
     260   1.00000e-21                                                          
     264   1.00000e-21                                                          
     268   1.00000e-21                                                          
     274   1.00000e-21                                                          
     278   1.00000e-21                                                          
     284   1.00000e-21                                                          
     290   1.00000e-21                                                          
     296   1.00000e-21                                                          
     301   1.00000e-21                                                          
     308   1.00000e-21                                                          
     318   1.00000e-21                                                          
     328   1.00000e-21                                                          
     338   1.00000e-21                                                          
     348   1.00000e-21                                                          
     357   1.00000e-21                                                          
     366   1.00000e-21                                                          
     375   1.00000e-21                                                          
     385   1.00000e-21                                                          
     395   1.00000e-21                                                          
     405   1.00000e-21                                                          
     414   1.00000e-21                                                          
     422   1.00000e-21                                                          
     430   1.00000e-21                                                          
     441   1.00000e-21                                                          
     451   1.00000e-21                                                          
     460   1.00000e-21                                                          
     470   1.00000e-21                                                          
     480   1.00000e-21                                                          
     490   1.00000e-21                                                          
     500   1.00000e-21                                                          
     506   1.00000e-21                                                          
     512   1.00000e-21                                                          
     520   1.00000e-21                                                          
     530   1.00000e-21                                                          
     540   1.00000e-21                                                          
     550   1.00000e-21                                                          
     560   1.00000e-21                                                          
     570   1.00000e-21                                                          
     580   1.00000e-21                                                          
     590   1.00000e-21                                                          
     600   1.00000e-21                                                          
     610   1.00000e-21                                                          
     620   1.00000e-21                                                          
     630   1.00000e-21                                                          
     640   1.00000e-21                                                          
     650   1.00000e-21                                                          
     658   1.00000e-21                                                          
     665   1.00000e-21                                                          
     675   1.00000e-21                                                          
     685   1.00000e-21                                                          
     695   1.00000e-21                                                          
     705   1.00000e-21                                                          
     716   1.00000e-21                                                          
     726   1.00000e-21                                                          
     735   1.00000e-21                                                          
     745   1.00000e-21                                                          
     755   1.00000e-21                                                          
     765   1.00000e-21                                                          
     775   1.00000e-21                                                          
     785   1.00000e-21                                                          
     795   1.00000e-21                                                          
     805   1.00000e-21                                                          
     815   1.00000e-21                                                          
     825   1.00000e-21                                                          
     835   1.00000e-21                                                          
     845   1.00000e-21                                                          
     855   1.00000e-21                                                          
     865   1.00000e-21                                                          
     875   1.00000e-21                                                          
     885   1.00000e-21                                                          
     895   1.00000e-21                                                          
     905   1.00000e-21                                                          
     915   1.00000e-21                                                          
     925   4.52661e-10                                                          
     935   6.55355e-10                                                          
     945   9.91685e-10                                                          
     955   1.57689e-09                                                          
     965   2.63831e-09                                                          
     975   3.67348e-09                                                          
     985   5.70969e-09                                                          
     995   8.40682e-09                                                          
    1005   1.27168e-08                                                          
    1015   1.87553e-08                                                          
    1025   2.20470e-08                                                          
    1035   4.21334e-08                                                          
    1045   6.12079e-08                                                          
    1055   7.80283e-08                                                          
    1065   1.20771e-07                                                          
    1075   1.73677e-07                                                          
    1085   2.45340e-07                                                          
    1095   3.16848e-07                                                          
    1105   4.20811e-07                                                          
    1115   5.84622e-07                                                          
    1125   8.59982e-07                                                          
    1135   1.25630e-06                                                          
    1145   1.71923e-06                                                          
    1155   2.30292e-06                                                          
    1165   3.07571e-06                                                          
    1175   4.19198e-06                                                          
    1185   5.35970e-06                                                          
    1195   6.58978e-06                                                          
    1205   7.61039e-06                                                          
    1215   6.11597e-06                                                          
    1225   1.26124e-05                                                          
    1235   1.93018e-05                                                          
    1245   2.52704e-05                                                          
    1255   3.14025e-05                                                          
    1265   3.98188e-05                                                          
    1275   5.06305e-05                                                          
    1285   6.03984e-05                                                          
    1295   7.44232e-05                                                          
    1305   9.08201e-05                                                          
    1315   1.19693e-04                                                          
    1325   1.42060e-04                                                          
    1335   1.68670e-04                                                          
    1345   2.18115e-04                                                          
    1355   2.75368e-04                                                          
    1365   3.33056e-04                                                          
    1375   3.97891e-04                                                          
    1385   4.70034e-04                                                          
    1395   5.71743e-04                                                          
    1405   7.30063e-04                                                          
    1415   8.92149e-04                                                          
    1425   1.00404e-03                                                          
    1435   1.32785e-03                                                          
    1442   1.56465e-03                                                          
    1447   1.54223e-03                                                          
    1455   1.79698e-03                                                          
    1465   2.40071e-03                                                          
    1475   2.79770e-03                                                          
    1485   3.14640e-03                                                          
    1495   4.16094e-03                                                          
    1505   5.12837e-03                                                          
    1512   4.40156e-03                                                          
    1517   5.48078e-03                                                          
    1525   1.39907e-02                                                          
    1535   2.40977e-02                                                          
    1545   2.03817e-02                                                          
    1555   3.47771e-02                                                          
    1565   3.46861e-02                                                          
    1575   1.04442e-01                                                          
    1585   1.24226e-01                                                          
    1595   1.44705e-01                                                          
    1605   1.48023e-01                                                          
    1615   1.60237e-01                                                          
    1625   1.84942e-01                                                          
    1635   2.56739e-01                                                          
    1645   3.76596e-01                                                          
    1655   2.68438e-01                                                          
    1665   4.66652e-01                                                          
    1672   3.07134e-01                                                          
    1677   1.33650e+00                                                          
    1685   1.53848e+00                                                          
    1695   2.02208e+00                                                          
    1705   2.16224e+00                                                          
    1715   2.18876e+00                                                          
    1725   3.28407e+00                                                          
    1735   3.94729e+00                                                          
    1745   5.80520e+00                                                          
    1755   7.05947e+00                                                          
    1765   7.42123e+00                                                          
    1775   7.24688e+00                                                          
    1785   1.17899e+01                                                          
    1795   1.21475e+01                                                          
    1805   1.62384e+01                                                          
    1815   1.35729e+01                                                          
    1825   2.04101e+01                                                          
    1835   2.01534e+01                                                          
    1845   1.69510e+01                                                          
    1855   2.08583e+01                                                          
    1865   2.80656e+01                                                          
    1875   2.96601e+01                                                          
    1885   3.36958e+01                                                          
    1895   4.69179e+01                                                          
    1905   4.41763e+01                                                          
    1915   5.59622e+01                                                          
    1925   5.23404e+01                                                          
    1935   3.20304e+01                                                          
    1945   6.97276e+01                                                          
    1955   8.29468e+01                                                          
    1967   1.03680e+02                                                          
    1976   1.08714e+02                                                          
    1984   1.22672e+02                                                          
    1995   1.20763e+02                                                          
    2005   1.23567e+02                                                          
    2015   1.41134e+02                                                          
    2025   1.09915e+02                                                          
    2035   1.58788e+02                                                          
    2045   1.80325e+02                                                          
    2055   2.00175e+02                                                          
    2065   1.98114e+02                                                          
    2074   2.01450e+02                                                          
    2078   3.94874e+02                                                          
    2085   4.97242e+02                                                          
    2095   5.03873e+02                                                          
    2105   5.04699e+02                                                          
    2115   5.91727e+02                                                          
    2125   5.49232e+02                                                          
    2135   6.68719e+02                                                          
    2145   6.74096e+02                                                          
    2155   6.55279e+02                                                          
    2165   6.33531e+02                                                          
    2175   6.90864e+02                                                          
    2185   7.08341e+02                                                          
    2195   8.91906e+02                                                          
    2205   8.86104e+02                                                          
    2215   8.23836e+02                                                          
    2225   9.31650e+02                                                          
    2235   1.33093e+03                                                          
    2245   1.41216e+03                                                          
    2255   1.33139e+03                                                          
    2265   9.78438e+02                                                          
    2275   1.24731e+03                                                          
    2285   1.65424e+03                                                          
    2295   1.66578e+03                                                          
    2305   1.30461e+03                                                          
    2315   1.85234e+03                                                          
    2325   1.91164e+03                                                          
    2335   2.36239e+03                                                          
    2345   1.60336e+03                                                          
    2355   1.96288e+03                                                          
    2365   1.82407e+03                                                          
    2375   2.09017e+03                                                          
    2385   1.97309e+03                                                          
    2395   2.22565e+03                                                          
    2405   2.77649e+03                                                          
    2415   2.19675e+03                                                          
    2425   3.20112e+03                                                          
    2435   3.76665e+03                                                          
    2445   4.69295e+03                                                          
    2455   5.11779e+03                                                          
    2465   3.74302e+03                                                          
    2475   3.79780e+03                                                          
    2485   1.42579e+03                                                          
    2495   2.25135e+03                                                          
    2505   4.03856e+03                                                          
    2513   2.26668e+03                                                          
    2518   1.59262e+03                                                          
    2525   1.79501e+03                                                          
    2535   4.74240e+03                                                          
    2545   4.88294e+03                                                          
    2555   1.23274e+04                                                          
    2565   7.87372e+03                                                          
    2575   1.25241e+04                                                          
    2585   1.14072e+04                                                          
    2595   1.13436e+04                                                          
    2605   1.16236e+04                                                          
    2615   1.02943e+04                                                          
    2625   1.45986e+04                                                          
    2635   3.24679e+04                                                          
    2645   3.84724e+04                                                          
    2655   7.85284e+04                                                          
    2665   4.02187e+04                                                          
    2675   3.98113e+04                                                          
    2685   5.71339e+04                                                          
    2695   2.89629e+04                                                          
    2705   4.86566e+04                                                          
    2715   2.99694e+04                                                          
    2725   1.54101e+04                                                          
    2735   2.41831e+04                                                          
    2745   1.87076e+04                                                          
    2755   2.67308e+04                                                          
    2765   3.80508e+04                                                          
    2775   4.13587e+04                                                          
    2785   2.36859e+04                                                          
    2795   1.08039e+04                                                          
    2805   1.34620e+04                                                          
    2815   3.38207e+04                                                          
    2825   4.24740e+04                                                          
    2835   2.99195e+04                                                          
    2845   1.65785e+04                                                          
    2855   7.31313e+03                                                          
    2865   2.34700e+04                                                          
    2875   4.58102e+04                                                          
    2885   5.92005e+04                                                          
    2895   9.98266e+04                                                          
    2910   1.72722e+05                                                          
    2930   1.39185e+05                                                          
    2950   1.10095e+05                                                          
    2970   1.07795e+05                                                          
    2990   1.08379e+05                                                          
    3010   9.32894e+04                                                          
    3030   1.21018e+05                                                          
    3050   1.27229e+05                                                          
    3070   1.81970e+05                                                          
    3090   1.65443e+05                                                          
    3110   2.43464e+05                                                          
    3130   2.02161e+05                                                          
    3150   2.20981e+05                                                          
    3170   2.56615e+05                                                          
    3190   2.06553e+05                                                          
    3210   2.20618e+05                                                          
    3230   1.82940e+05                                                          
    3250   3.08407e+05                                                          
    3270   3.79414e+05                                                          
    3290   3.74826e+05                                                          
    3310   3.19513e+05                                                          
    3330   3.40894e+05                                                          
    3350   3.15102e+05                                                          
    3370   1.93936e+05                                                          
    3390   2.30973e+05                                                          
    3410   2.39017e+05                                                          
    3430   2.64360e+05                                                          
    3450   2.78230e+05                                                          
    3470   2.94312e+05                                                          
    3490   3.67565e+05                                                          
    3510   4.08649e+05                                                          
    3530   3.44510e+05                                                          
    3550   4.07123e+05                                                          
    3570   2.15137e+05                                                          
    3590   2.45033e+05                                                          
    3610   3.58699e+05                                                          
    3630   3.82560e+05                                                          
    3640   4.09957e+05                                                          
    3650   4.83908e+05                                                          
    3670   5.33723e+05                                                          
    3690   4.49888e+05                                                          
    3710   4.68556e+05                                                          
    3730   2.35759e+05                                                          
    3750   2.85447e+05                                                          
    3770   4.32221e+05                                                          
    3790   4.39217e+05                                                          
    3810   3.75618e+05                                                          
    3830   1.67659e+05                                                          
    3850   2.40724e+05                                                          
    3870   2.43711e+05                                                          
    3890   3.91368e+05                                                          
    3910   5.24908e+05                                                          
    3930   2.31365e+05                                                          
    3950   4.60423e+05                                                          
    3970   3.13889e+05                                                          
    3990   7.38238e+05                                                          
    4010   7.98398e+05                                                          
    4030   7.80968e+05                                                          
    4050   7.33941e+05                                                          
    4070   6.80241e+05                                                          
    4090   8.98153e+05                                                          
    4110   8.70195e+05                                                          
    4130   8.06177e+05                                                          
    4150   7.64377e+05                                                          
    4170   7.99267e+05                                                          
    4190   7.58391e+05                                                          
    4210   7.90105e+05                                                          
    4230   7.61474e+05                                                          
    4250   7.90573e+05                                                          
    4270   7.27083e+05                                                          
    4290   6.68975e+05                                                          
    4310   5.64316e+05                                                          
    4330   9.00422e+05                                                          
    4350   8.95963e+05                                                          
    4370   9.68974e+05                                                          
    4390   8.38643e+05                                                          
    4410   9.09670e+05                                                          
    4430   1.01421e+06                                                          
    4450   1.01402e+06                                                          
    4470   1.10111e+06                                                          
    4490   1.13052e+06                                                          
    4510   1.30576e+06                                                          
    4530   1.13367e+06                                                          
    4550   1.19677e+06                                                          
    4570   1.28949e+06                                                          
    4590   1.21596e+06                                                          
    4610   1.24690e+06                                                          
    4630   1.22289e+06                                                          
    4650   1.23874e+06                                                          
    4670   1.29875e+06                                                          
    4690   1.27085e+06                                                          
    4710   1.23635e+06                                                          
    4730   1.28263e+06                                                          
    4750   1.31655e+06                                                          
    4770   1.32366e+06                                                          
    4790   1.32533e+06                                                          
    4810   1.31366e+06                                                          
    4830   1.35287e+06                                                          
    4850   1.28117e+06                                                          
    4870   1.16312e+06                                                          
    4890   1.27143e+06                                                          
    4910   1.27631e+06                                                          
    4930   1.23968e+06                                                          
    4950   1.31504e+06                                                          
    4970   1.30821e+06                                                          
    4990   1.20807e+06                                                          
    5010   1.14035e+06                                                          
    5030   1.21567e+06                                                          
    5050   1.20723e+06                                                          
    5070   1.27265e+06                                                          
    5090   1.19518e+06                                                          
    5110   1.21878e+06                                                          
    5130   1.18172e+06                                                          
    5150   1.12201e+06                                                          
    5170   9.67900e+05                                                          
    5190   1.01833e+06                                                          
    5210   1.16042e+06                                                          
    5230   1.22982e+06                                                          
    5250   1.30143e+06                                                          
    5270   1.10807e+06                                                          
    5290   1.30261e+06                                                          
    5310   1.39127e+06                                                          
    5330   1.20120e+06                                                          
    5350   1.33611e+06                                                          
    5370   1.31873e+06                                                          
    5390   1.29278e+06                                                          
    5410   1.25649e+06                                                          
    5430   1.28409e+06                                                          
    5450   1.33747e+06                                                          
    5470   1.31788e+06                                                          
    5490   1.33281e+06                                                          
    5510   1.31008e+06                                                          
    5530   1.34148e+06                                                          
    5550   1.36254e+06                                                          
    5570   1.32131e+06                                                          
    5590   1.28605e+06                                                          
    5610   1.34887e+06                                                          
    5630   1.34105e+06                                                          
    5650   1.35264e+06                                                          
    5670   1.31794e+06                                                          
    5690   1.34614e+06                                                          
    5710   1.30325e+06                                                          
    5730   1.41159e+06                                                          
    5750   1.35928e+06                                                          
    5770   1.37689e+06                                                          
    5790   1.32107e+06                                                          
    5810   1.37317e+06                                                          
    5830   1.40783e+06                                                          
    5850   1.36630e+06                                                          
    5870   1.37284e+06                                                          
    5890   1.24110e+06                                                          
    5910   1.35414e+06                                                          
    5930   1.35437e+06                                                          
    5950   1.35730e+06                                                          
    5970   1.37312e+06                                                          
    5990   1.35351e+06                                                          
    6010   1.32639e+06                                                          
    6030   1.34999e+06                                                          
    6050   1.37305e+06                                                          
    6070   1.36083e+06                                                          
    6090   1.31204e+06                                                          
    6110   1.31378e+06                                                          
    6130   1.24682e+06                                                          
    6150   1.28885e+06                                                          
    6170   1.22617e+06                                                          
    6190   1.31243e+06                                                          
    6210   1.30937e+06                                                          
    6230   1.26798e+06                                                          
    6250   1.23219e+06                                                          
    6270   1.28565e+06                                                          
    6290   1.29604e+06                                                          
    6310   1.25729e+06                                                          
    6330   1.26837e+06                                                          
    6350   1.27336e+06                                                          
    6370   1.26697e+06                                                          
    6390   1.28193e+06                                                          
    6410   1.24904e+06                                                          
    6430   1.26577e+06                                                          
    6450   1.25159e+06                                                          
    6470   1.24114e+06                                                          
    6490   1.22069e+06                                                          
    6510   1.25740e+06                                                          
    6530   1.26009e+06                                                          
    6550   1.23102e+06                                                          
    6570   1.15411e+06                                                          
    6590   1.23266e+06                                                          
    6610   1.25112e+06                                                          
    6630   1.23870e+06                                                          
    6650   1.23701e+06                                                          
    6670   1.21648e+06                                                          
    6690   1.24571e+06                                                          
    6710   1.20529e+06                                                          
    6730   1.23470e+06                                                          
    6750   1.21705e+06                                                          
    6770   1.22199e+06                                                          
    6790   1.21056e+06                                                          
    6810   1.20545e+06                                                          
    6830   1.21622e+06                                                          
    6850   1.17861e+06                                                          
    6870   1.19551e+06                                                          
    6890   1.20280e+06                                                          
    6910   1.19088e+06                                                          
    6930   1.18314e+06                                                          
    6950   1.17565e+06                                                          
    6970   1.17701e+06                                                          
    6990   1.16986e+06                                                          
    7010   1.13582e+06                                                          
    7030   1.15598e+06                                                          
    7050   1.16212e+06                                                          
    7070   1.14618e+06                                                          
    7090   1.14096e+06                                                          
    7110   1.14591e+06                                                          
    7130   1.12213e+06                                                          
    7150   1.11446e+06                                                          
    7170   1.12208e+06                                                          
    7190   1.08184e+06                                                          
    7210   1.10814e+06                                                          
    7230   1.11805e+06                                                          
    7250   1.11671e+06                                                          
    7270   1.11282e+06                                                          
    7290   1.07935e+06                                                          
    7310   1.09722e+06                                                          
    7330   1.09327e+06                                                          
    7350   1.09210e+06                                                          
    7370   1.09925e+06                                                          
    7390   1.06975e+06                                                          
    7410   1.04880e+06                                                          
    7430   1.07251e+06                                                          
    7450   1.07248e+06                                                          
    7470   1.07820e+06                                                          
    7490   1.06829e+06                                                          
    7510   1.07043e+06                                                          
    7530   1.07441e+06                                                          
    7550   1.07643e+06                                                          
    7570   1.06510e+06                                                          
    7590   1.05889e+06                                                          
    7610   1.05501e+06                                                          
    7630   1.05811e+06                                                          
    7650   1.05933e+06                                                          
    7670   1.02157e+06                                                          
    7690   1.05239e+06                                                          
    7710   1.03256e+06                                                          
    7730   1.03449e+06                                                          
    7750   1.02069e+06                                                          
    7770   1.04375e+06                                                          
    7790   1.03723e+06                                                          
    7810   1.03121e+06                                                          
    7830   1.01862e+06                                                          
    7850   1.01394e+06                                                          
    7870   1.02300e+06                                                          
    7890   1.01012e+06                                                          
    7910   9.88555e+05                                                          
    7930   9.75489e+05                                                          
    7950   9.66432e+05                                                          
    7970   9.92190e+05                                                          
    7990   9.90253e+05                                                          
    8010   9.76959e+05                                                          
    8030   9.77343e+05                                                          
    8050   9.67293e+05                                                          
    8070   9.69796e+05                                                          
    8090   9.47234e+05                                                          
    8110   9.53562e+05                                                          
    8130   9.60070e+05                                                          
    8150   9.54245e+05                                                          
    8170   9.53333e+05                                                          
    8190   9.21902e+05                                                          
    8210   9.25422e+05                                                          
    8230   9.27232e+05                                                          
    8250   9.35533e+05                                                          
    8270   9.43410e+05                                                          
    8290   9.36281e+05                                                          
    8310   9.11775e+05                                                          
    8330   9.07195e+05                                                          
    8350   9.10250e+05                                                          
    8370   9.14942e+05                                                          
    8390   8.84675e+05                                                          
    8410   9.13160e+05                                                          
    8430   8.88921e+05                                                          
    8450   9.03595e+05                                                          
    8470   8.93566e+05                                                          
    8490   9.02404e+05                                                          
    8510   8.61110e+05                                                          
    8530   8.98130e+05                                                          
    8550   8.45542e+05                                                          
    8570   8.98958e+05                                                          
    8590   8.78623e+05                                                          
    8610   8.77215e+05                                                          
    8630   8.84521e+05                                                          
    8650   8.87231e+05                                                          
    8670   8.21245e+05                                                          
    8690   8.48022e+05                                                          
    8710   8.63400e+05                                                          
    8730   8.64940e+05                                                          
    8750   8.54349e+05                                                          
    8770   8.64193e+05                                                          
    8790   8.55066e+05                                                          
    8810   8.28723e+05                                                          
    8830   8.44737e+05                                                          
    8850   8.51243e+05                                                          
    8870   8.31740e+05                                                          
    8890   8.48941e+05                                                          
    8910   8.53351e+05                                                          
    8930   8.32345e+05                                                          
    8950   8.28734e+05                                                          
    8970   8.31660e+05                                                          
    8990   8.32726e+05                                                          
    9010   7.97703e+05                                                          
    9030   8.23292e+05                                                          
    9050   8.36948e+05                                                          
    9070   8.24938e+05                                                          
    9090   7.98875e+05                                                          
    9110   8.03896e+05                                                          
    9130   8.17339e+05                                                          
    9150   8.11406e+05                                                          
    9170   8.09411e+05                                                          
    9190   8.16541e+05                                                          
    9210   7.95638e+05                                                          
    9230   7.97050e+05                                                          
    9250   7.89038e+05                                                          
    9270   7.93815e+05                                                          
    9290   7.90414e+05                                                          
    9310   7.95821e+05                                                          
    9330   7.89354e+05                                                          
    9350   7.86050e+05                                                          
    9370   7.75472e+05                                                          
    9390   7.81842e+05                                                          
    9410   7.54349e+05                                                          
    9430   7.76289e+05                                                          
    9450   7.58356e+05                                                          
    9470   7.72098e+05                                                          
    9490   7.73281e+05                                                          
    9510   7.66174e+05                                                          
    9530   7.63054e+05                                                          
    9550   7.47830e+05                                                          
    9570   7.48767e+05                                                          
    9590   7.59586e+05                                                          
    9610   7.48000e+05                                                          
    9630   7.44017e+05                                                          
    9650   7.32180e+05                                                          
    9670   7.33168e+05                                                          
    9690   7.41256e+05                                                          
    9710   7.33538e+05                                                          
    9730   7.29537e+05                                                          
    9750   7.24870e+05                                                          
    9770   7.24229e+05                                                          
    9790   7.14642e+05                                                          
    9810   7.26297e+05                                                          
    9830   7.20999e+05                                                          
    9850   7.22994e+05                                                          
    9870   7.14872e+05                                                          
    9890   7.13970e+05                                                          
    9910   7.11518e+05                                                          
    9930   7.13544e+05                                                          
    9950   7.11623e+05                                                          
    9970   7.09832e+05                                                          
    9990   7.05239e+05                                                          
   10025   7.00621e+05                                                          
   10075   6.90483e+05                                                          
   10125   6.88312e+05                                                          
   10175   6.76873e+05                                                          
   10225   6.74100e+05                                                          
   10275   6.72701e+05                                                          
   10325   6.59565e+05                                                          
   10375   6.53245e+05                                                          
   10425   6.54210e+05                                                          
   10475   6.44734e+05                                                          
   10525   6.43537e+05                                                          
   10575   6.34142e+05                                                          
   10625   6.28761e+05                                                          
   10675   6.17034e+05                                                          
   10725   6.16299e+05                                                          
   10775   6.07659e+05                                                          
   10825   5.96317e+05                                                          
   10875   5.94618e+05                                                          
   10925   5.96302e+05                                                          
   10975   5.85614e+05                                                          
   11025   5.87822e+05                                                          
   11075   5.85860e+05                                                          
   11125   5.79540e+05                                                          
   11175   5.72253e+05                                                          
   11225   5.70916e+05                                                          
   11275   5.59016e+05                                                          
   11325   5.57849e+05                                                          
   11375   5.51844e+05                                                          
   11425   5.43423e+05                                                          
   11475   5.49234e+05                                                          
   11525   5.45400e+05                                                          
   11575   5.36796e+05                                                          
   11625   5.28168e+05                                                          
   11675   5.27296e+05                                                          
   11725   5.29517e+05                                                          
   11775   5.18672e+05                                                          
   11825   5.12426e+05                                                          
   11875   5.06529e+05                                                          
   11925   5.13911e+05                                                          
   11975   4.93280e+05                                                          
   12025   5.00763e+05                                                          
   12075   4.93722e+05                                                          
   12125   4.94487e+05                                                          
   12175   4.95522e+05                                                          
   12225   4.90819e+05                                                          
   12275   4.85460e+05                                                          
   12325   4.82532e+05                                                          
   12375   4.79525e+05                                                          
   12425   4.73957e+05                                                          
   12475   4.73355e+05                                                          
   12525   4.67458e+05                                                          
   12575   4.65622e+05                                                          
   12625   4.61632e+05                                                          
   12675   4.55863e+05                                                          
   12725   4.56109e+05                                                          
   12775   4.54742e+05                                                          
   12825   4.36914e+05                                                          
   12875   4.43886e+05                                                          
   12925   4.39375e+05                                                          
   12975   4.41287e+05                                                          
   13025   4.34407e+05                                                          
   13075   4.35110e+05                                                          
   13125   4.25648e+05                                                          
   13175   4.23618e+05                                                          
   13225   4.25097e+05                                                          
   13275   4.17069e+05                                                          
   13325   4.17991e+05                                                          
   13375   4.14121e+05                                                          
   13425   4.15586e+05                                                          
   13475   4.11511e+05                                                          
   13525   4.09450e+05                                                          
   13575   4.01351e+05                                                          
   13625   4.00019e+05                                                          
   13675   3.98895e+05                                                          
   13725   3.98317e+05                                                          
   13775   3.94793e+05                                                          
   13825   3.93498e+05                                                          
   13875   3.89627e+05                                                          
   13925   3.89431e+05                                                          
   13975   3.87282e+05                                                          
   14025   3.80130e+05                                                          
   14075   3.82162e+05                                                          
   14125   3.75987e+05                                                          
   14175   3.78704e+05                                                          
   14225   3.70115e+05                                                          
   14275   3.63101e+05                                                          
   14325   3.69377e+05                                                          
   14375   3.69824e+05                                                          
   14425   3.56574e+05                                                          
   14475   3.63896e+05                                                          
   14525   3.56092e+05                                                          
   14570   3.57348e+05                                                          
   14620   3.56753e+05                                                          
   14675   3.54663e+05                                                          
   14725   3.47602e+05                                                          
   14775   3.47083e+05                                                          
   14825   3.46093e+05                                                          
   14875   3.37099e+05                                                          
   14925   3.46300e+05                                                          
   14975   3.39954e+05                                                          
   15025   3.26338e+05                                                          
   15075   3.28045e+05                                                          
   15125   3.35372e+05                                                          
   15175   3.34525e+05                                                          
   15225   3.29631e+05                                                          
   15275   3.31069e+05                                                          
   15325   3.27457e+05                                                          
   15375   3.27122e+05                                                          
   15425   3.26506e+05                                                          
   15475   3.23538e+05                                                          
   15525   3.17607e+05                                                          
   15575   3.14548e+05                                                          
   15625   3.18501e+05                                                          
   15675   3.08810e+05                                                          
   15725   3.11805e+05                                                          
   15775   2.97009e+05                                                          
   15825   3.03606e+05                                                          
   15875   2.92384e+05                                                          
   15925   2.98169e+05                                                          
   15975   3.00252e+05                                                          
   16050   2.97732e+05                                                          
   16150   2.91978e+05                                                          
   16250   2.90684e+05                                                          
   16350   2.85148e+05                                                          
   16450   2.78536e+05                                                          
   16550   2.76997e+05                                                          
   16650   2.72084e+05                                                          
   16750   2.63998e+05                                                          
   16850   2.56975e+05                                                          
   16950   2.58159e+05                                                          
   17050   2.49031e+05                                                          
   17150   2.45479e+05                                                          
   17250   2.38724e+05                                                          
   17350   2.31116e+05                                                          
   17450   2.30089e+05                                                          
   17550   2.26634e+05                                                          
   17650   2.22621e+05                                                          
   17750   2.17543e+05                                                          
   17850   2.14782e+05                                                          
   17950   2.10274e+05                                                          
   18050   2.05558e+05                                                          
   18150   1.99502e+05                                                          
   18250   1.96962e+05                                                          
   18350   1.93671e+05                                                          
   18450   1.88248e+05                                                          
   18550   1.86677e+05                                                          
   18650   1.80853e+05                                                          
   18750   1.73990e+05                                                          
   18850   1.75784e+05                                                          
   18950   1.68190e+05                                                          
   19050   1.70037e+05                                                          
   19150   1.66376e+05                                                          
   19250   1.63564e+05                                                          
   19350   1.58820e+05                                                          
   19450   1.53612e+05                                                          
   19550   1.54589e+05                                                          
   19650   1.51423e+05                                                          
   19750   1.47951e+05                                                          
   19850   1.45946e+05                                                          
   19950   1.43728e+05                                                          
   20050   1.42524e+05                                                          
   20150   1.40638e+05                                                          
   20250   1.36439e+05                                                          
   20350   1.33546e+05                                                          
   20450   1.33210e+05                                                          
   20550   1.30551e+05                                                          
   20650   1.27416e+05                                                          
   20750   1.25779e+05                                                          
   20850   1.23676e+05                                                          
   20950   1.20506e+05                                                          
   21050   1.19830e+05                                                          
   21150   1.17514e+05                                                          
   21250   1.15500e+05                                                          
   21350   1.14052e+05                                                          
   21450   1.12144e+05                                                          
   21550   1.10331e+05                                                          
   21650   1.06393e+05                                                          
   21750   1.05807e+05                                                          
   21850   1.04311e+05                                                          
   21950   1.03136e+05                                                          
   22050   1.00341e+05                                                          
   22150   9.99377e+04                                                          
   22250   9.76897e+04                                                          
   22350   9.61814e+04                                                          
   22450   9.47482e+04                                                          
   22550   9.33862e+04                                                          
   22650   9.14321e+04                                                          
   22750   9.06579e+04                                                          
   22850   8.85202e+04                                                          
   22950   8.23797e+04                                                          
   23050   8.40047e+04                                                          
   23150   8.30120e+04                                                          
   23250   7.65339e+04                                                          
   23350   7.84839e+04                                                          
   23450   7.88365e+04                                                          
   23550   7.20839e+04                                                          
   23650   7.49038e+04                                                          
   23750   7.45529e+04                                                          
   23850   6.86544e+04                                                          
   23950   7.08356e+04                                                          
   24050   7.08718e+04                                                          
   24150   6.62890e+04                                                          
   24250   6.73340e+04                                                          
   24350   6.72493e+04                                                          
   24450   6.44496e+04                                                          
   24550   6.34581e+04                                                          
   24650   6.46198e+04                                                          
   24750   6.25658e+04                                                          
   24850   6.04146e+04                                                          
   24950   6.12624e+04                                                          
   25050   6.14068e+04                                                          
   25150   5.84435e+04                                                          
   25250   5.91457e+04                                                          
   25350   5.85550e+04                                                          
   25450   5.71293e+04                                                          
   25550   5.64534e+04                                                          
   25650   5.59539e+04                                                          
   25750   5.58005e+04                                                          
   25850   5.35714e+04                                                          
   25950   5.38449e+04                                                          
   26050   5.34765e+04                                                          
   26150   5.25545e+04                                                          
   26250   5.11228e+04                                                          
   26350   5.11604e+04                                                          
   26450   5.04675e+04                                                          
   26550   4.98005e+04                                                          
   26650   4.87031e+04                                                          
   26750   4.89698e+04                                                          
   26850   4.84194e+04                                                          
   26950   4.75374e+04                                                          
   27050   4.71406e+04                                                          
   27150   4.65207e+04                                                          
   27250   4.59570e+04                                                          
   27350   4.52978e+04                                                          
   27450   4.49094e+04                                                          
   27550   4.42380e+04                                                          
   27650   4.35516e+04                                                          
   27750   4.29751e+04                                                          
   27850   4.25557e+04                                                          
   27950   4.21673e+04                                                          
   28050   4.15761e+04                                                          
   28150   4.10345e+04                                                          
   28250   4.05071e+04                                                          
   28350   4.01130e+04                                                          
   28450   3.94477e+04                                                          
   28550   3.90027e+04                                                          
   28650   3.84840e+04                                                          
   28750   3.79164e+04                                                          
   28850   3.75503e+04                                                          
   28950   3.71096e+04                                                          
   29050   3.66286e+04                                                          
   29150   3.62028e+04                                                          
   29250   3.55282e+04                                                          
   29350   3.52879e+04                                                          
   29450   3.47375e+04                                                          
   29550   3.43765e+04                                                          
   29650   3.40127e+04                                                          
   29750   3.35920e+04                                                          
   29850   3.31439e+04                                                          
   29950   3.26796e+04                                                          
   30050   3.22872e+04                                                          
   30150   3.19665e+04                                                          
   30250   3.15026e+04                                                          
   30350   3.09595e+04                                                          
   30450   3.07603e+04                                                          
   30550   3.03781e+04                                                          
   30650   2.99607e+04                                                          
   30750   2.96875e+04                                                          
   30850   2.92156e+04                                                          
   30950   2.89007e+04                                                          
   31050   2.86402e+04                                                          
   31150   2.80426e+04                                                          
   31250   2.79187e+04                                                          
   31350   2.76164e+04                                                          
   31450   2.72798e+04                                                          
   31550   2.68481e+04                                                          
   31650   2.65638e+04                                                          
   31750   2.62992e+04                                                          
   31850   2.59889e+04                                                          
   31950   2.57255e+04                                                          
   32100   2.52238e+04                                                          
   32300   2.46445e+04                                                          
   32500   2.40651e+04                                                          
   32700   2.34980e+04                                                          
   32900   2.28820e+04                                                          
   33100   2.24158e+04                                                          
   33300   2.18738e+04                                                          
   33500   2.14542e+04                                                          
   33700   2.09542e+04                                                          
   33900   2.04375e+04                                                          
   34100   1.99643e+04                                                          
   34300   1.96089e+04                                                          
   34500   1.92109e+04                                                          
   34700   1.87730e+04                                                          
   34900   1.83743e+04                                                          
   35100   1.79971e+04                                                          
   35300   1.75657e+04                                                          
   35500   1.72256e+04                                                          
   35700   1.68403e+04                                                          
   35900   1.64782e+04                                                          
   36100   1.61747e+04                                                          
   36300   1.58368e+04                                                          
   36500   1.54567e+04                                                          
   36700   1.51213e+04                                                          
   36900   1.47323e+04                                                          
   37100   1.44154e+04                                                          
   37300   1.42009e+04                                                          
   37500   1.37991e+04                                                          
   37700   1.36362e+04                                                          
   37900   1.33491e+04                                                          
   38100   1.31159e+04                                                          
   38300   1.28869e+04                                                          
   38500   1.26450e+04                                                          
   38700   1.23513e+04                                                          
   38900   1.21271e+04                                                          
   39100   1.19148e+04                                                          
   39300   1.16843e+04                                                          
   39500   1.14087e+04                                                          
   39700   1.12165e+04                                                          
   39900   1.09348e+04                                                          
   40100   1.07731e+04                                                          
   40300   1.06044e+04                                                          
   40500   1.03559e+04                                                          
   40700   1.01950e+04                                                          
   40900   1.00145e+04                                                          
   41100   9.83424e+03                                                          
   41300   9.66752e+03                                                          
   41500   9.47081e+03                                                          
   41700   9.30088e+03                                                          
   41900   9.11599e+03                                                          
   42100   8.90983e+03                                                          
   42300   8.82510e+03                                                          
   42500   8.63336e+03                                                          
   42700   8.50400e+03                                                          
   42900   8.03526e+03                                                          
   43100   7.63615e+03                                                          
   43300   7.65275e+03                                                          
   43500   7.22892e+03                                                          
   43700   7.03355e+03                                                          
   43900   6.92854e+03                                                          
   44100   6.54521e+03                                                          
   44300   6.48930e+03                                                          
   44500   6.39537e+03                                                          
   44700   6.07720e+03                                                          
   44900   6.12490e+03                                                          
   45100   5.96339e+03                                                          
   45300   5.72871e+03                                                          
   45500   5.75017e+03                                                          
   45700   5.70557e+03                                                          
   45900   5.45304e+03                                                          
   46100   5.49566e+03                                                          
   46300   5.39470e+03                                                          
   46500   5.33575e+03                                                          
   46700   5.29850e+03                                                          
   46900   5.22228e+03                                                          
   47100   5.10915e+03                                                          
   47300   5.13057e+03                                                          
   47500   5.01225e+03                                                          
   47700   4.93668e+03                                                          
   47900   4.88049e+03                                                          
   48100   4.75893e+03                                                          
   48300   4.79264e+03                                                          
   48500   4.69447e+03                                                          
   48700   4.59425e+03                                                          
   48900   4.54125e+03                                                          
   49100   4.47652e+03                                                          
   49300   4.40362e+03                                                          
   49500   4.32832e+03                                                          
   49700   4.28909e+03                                                          
   49900   4.21466e+03                                                          
   50100   4.18251e+03                                                          
   50300   4.12391e+03                                                          
   50500   4.02543e+03                                                          
   50700   3.98856e+03                                                          
   50900   3.94556e+03                                                          
   51100   3.85857e+03                                                          
   51300   3.83894e+03                                                          
   51500   3.76636e+03                                                          
   51700   3.75625e+03                                                          
   51900   3.67665e+03                                                          
   52100   3.63611e+03                                                          
   52300   3.56806e+03                                                          
   52500   3.54850e+03                                                          
   52700   3.52434e+03                                                          
   52900   3.43098e+03                                                          
   53100   3.39514e+03                                                          
   53300   3.36194e+03                                                          
   53500   3.32198e+03                                                          
   53700   3.28260e+03                                                          
   53900   3.24500e+03                                                          
   54100   3.20155e+03                                                          
   54300   3.13620e+03                                                          
   54500   3.12255e+03                                                          
   54700   3.07699e+03                                                          
   54900   3.03547e+03                                                          
   55100   3.00104e+03                                                          
   55300   2.99878e+03                                                          
   55500   2.91511e+03                                                          
   55700   2.91470e+03                                                          
   55900   2.85861e+03                                                          
   56100   2.83015e+03                                                          
   56300   2.78091e+03                                                          
   56500   2.76787e+03                                                          
   56700   2.73364e+03                                                          
   56900   2.68009e+03                                                          
   57100   2.67069e+03                                                          
   57300   2.63338e+03                                                          
   57500   2.60355e+03                                                          
   57700   2.56378e+03                                                          
   57900   2.54678e+03                                                          
   58100   2.50246e+03                                                          
   58300   2.47498e+03                                                          
   58500   2.44967e+03                                                          
   58700   2.40830e+03                                                          
   58900   2.38064e+03                                                          
   59100   2.35885e+03                                                          
   59300   2.33113e+03                                                          
   59500   2.29621e+03                                                          
   59700   2.27800e+03                                                          
   59900   2.24984e+03                                                          
   60100   2.22218e+03                                                          
   60300   2.19575e+03                                                          
   60500   2.16291e+03                                                          
   60700   2.13762e+03                                                          
   60900   2.11148e+03                                                          
   61100   2.08084e+03                                                          
   61300   2.06218e+03                                                          
   61500   2.03966e+03                                                          
   61700   2.01789e+03                                                          
   61900   1.99539e+03                                                          
   62100   1.97292e+03                                                          
   62300   1.94331e+03                                                          
   62500   1.91781e+03                                                          
   62700   1.89632e+03                                                          
   62900   1.87662e+03                                                          
   63100   1.85176e+03                                                          
   63300   1.83666e+03                                                          
   63500   1.81155e+03                                                          
   63700   1.79449e+03                                                          
   63900   1.77000e+03                                                          
   64200   1.73988e+03                                                          
   64600   1.69814e+03                                                          
   65000   1.65914e+03                                                          
   65400   1.62169e+03                                                          
   65800   1.58614e+03                                                          
   66200   1.54842e+03                                                          
   66600   1.51390e+03                                                          
   67000   1.47953e+03                                                          
   67400   1.44505e+03                                                          
   67800   1.41328e+03                                                          
   68200   1.38131e+03                                                          
   68600   1.35098e+03                                                          
   69000   1.32062e+03                                                          
   69400   1.29120e+03                                                          
   69800   1.26338e+03                                                          
   70200   1.23418e+03                                                          
   70600   1.20842e+03                                                          
   71000   1.18216e+03                                                          
   71400   1.15677e+03                                                          
   71800   1.13170e+03                                                          
   72200   1.10756e+03                                                          
   72600   1.08369e+03                                                          
   73000   1.06107e+03                                                          
   73400   1.03810e+03                                                          
   73800   1.01686e+03                                                          
   74200   9.94771e+02                                                          
   74600   9.73508e+02                                                          
   75000   9.54113e+02                                                          
   75400   9.34082e+02                                                          
   75800   9.15922e+02                                                          
   76200   8.97182e+02                                                          
   76600   8.79028e+02                                                          
   77000   8.60979e+02                                                          
   77400   8.43977e+02                                                          
   77800   8.27217e+02                                                          
   78200   8.10737e+02                                                          
   78600   7.94703e+02                                                          
   79000   7.79047e+02                                                          
   79400   7.63704e+02                                                          
   79800   7.48949e+02                                                          
   80200   7.33984e+02                                                          
   80600   7.19684e+02                                                          
   81000   7.06251e+02                                                          
   81400   6.92251e+02                                                          
   81800   6.79511e+02                                                          
   82200   6.66720e+02                                                          
   82600   6.54021e+02                                                          
   83000   6.41814e+02                                                          
   83400   6.29501e+02                                                          
   83800   6.17819e+02                                                          
   84200   6.06652e+02                                                          
   84600   5.95416e+02                                                          
   85000   5.84498e+02                                                          
   85400   5.73823e+02                                                          
   85800   5.63452e+02                                                          
   86200   5.53216e+02                                                          
   86600   5.43320e+02                                                          
   87000   5.33598e+02                                                          
   87400   5.24047e+02                                                          
   87800   5.14710e+02                                                          
   88200   5.05350e+02                                                          
   88600   4.96505e+02                                                          
   89000   4.87631e+02                                                          
   89400   4.79406e+02                                                          
   89800   4.70803e+02                                                          
   90200   4.62893e+02                                                          
   90600   4.55031e+02                                                          
   91000   4.46796e+02                                                          
   91400   4.39377e+02                                                          
   91800   4.31985e+02                                                          
   92200   4.24775e+02                                                          
   92600   4.17575e+02                                                          
   93000   4.10579e+02                                                          
   93400   4.03675e+02                                                          
   93800   3.96968e+02                                                          
   94200   3.90388e+02                                                          
   94600   3.83864e+02                                                          
   95000   3.77556e+02                                                          
   95400   3.71379e+02                                                          
   95800   3.65357e+02                                                          
   96200   3.59371e+02                                                          
   96600   3.53600e+02                                                          
   97000   3.47898e+02                                                          
   97400   3.41937e+02                                                          
   97800   3.36676e+02                                                          
   98200   3.31439e+02                                                          
   98600   3.26190e+02                                                          
   99000   3.21051e+02                                                          
   99400   3.15936e+02                                                          
   99800   3.11000e+02                                                          
  100200   3.06145e+02                                                          
  200000   1.98352e+01                                                          
  400000   1.24646e+00                                                          
  600000   2.45094e-01                                                          
  800000   7.70879e-02                                                          
 1000000   3.13907e-02                                                          
 1200000   1.50554e-02                                                          
 1400000   8.08522e-03                                                          
 1600000   4.71752e-03                                                          
