      91   1.00000e-21
      94   1.00000e-21                                                          
      96   1.00000e-21                                                          
      98   1.00000e-21                                                          
     100   1.00000e-21                                                          
     102   1.00000e-21                                                          
     104   1.00000e-21                                                          
     106   1.00000e-21                                                          
     108   1.00000e-21                                                          
     110   1.00000e-21                                                          
     114   1.00000e-21                                                          
     118   1.00000e-21                                                          
     121   1.00000e-21                                                          
     125   1.00000e-21                                                          
     127   1.00000e-21                                                          
     128   1.00000e-21                                                          
     130   1.00000e-21                                                          
     132   1.00000e-21                                                          
     134   1.00000e-21                                                          
     137   1.00000e-21                                                          
     140   1.00000e-21                                                          
     143   1.00000e-21                                                          
     147   1.00000e-21                                                          
     151   1.00000e-21                                                          
     155   1.00000e-21                                                          
     159   1.00000e-21                                                          
     162   1.00000e-21                                                          
     166   1.00000e-21                                                          
     170   1.00000e-21                                                          
     173   1.00000e-21                                                          
     177   1.00000e-21                                                          
     180   1.00000e-21                                                          
     182   1.00000e-21                                                          
     186   1.00000e-21                                                          
     191   1.00000e-21                                                          
     194   1.00000e-21                                                          
     198   1.00000e-21                                                          
     202   1.00000e-21                                                          
     205   1.00000e-21                                                          
     210   1.00000e-21                                                          
     216   1.00000e-21                                                          
     220   1.00000e-21                                                          
     223   1.00000e-21                                                          
     227   1.00000e-21                                                          
     230   1.00000e-21                                                          
     234   1.00000e-21                                                          
     240   1.00000e-21                                                          
     246   1.00000e-21                                                          
     252   1.00000e-21                                                          
     257   1.00000e-21                                                          
     260   1.00000e-21                                                          
     264   1.00000e-21                                                          
     268   1.00000e-21                                                          
     274   1.00000e-21                                                          
     278   1.00000e-21                                                          
     284   1.00000e-21                                                          
     290   1.00000e-21                                                          
     296   1.00000e-21                                                          
     301   1.00000e-21                                                          
     308   1.00000e-21                                                          
     318   1.00000e-21                                                          
     328   1.00000e-21                                                          
     338   1.00000e-21                                                          
     348   1.00000e-21                                                          
     357   1.00000e-21                                                          
     366   1.00000e-21                                                          
     375   1.00000e-21                                                          
     385   1.00000e-21                                                          
     395   1.00000e-21                                                          
     405   1.00000e-21                                                          
     414   1.00000e-21                                                          
     422   1.00000e-21                                                          
     430   1.00000e-21                                                          
     441   1.00000e-21                                                          
     451   1.00000e-21                                                          
     460   1.00000e-21                                                          
     470   1.00000e-21                                                          
     480   1.00000e-21                                                          
     490   1.00000e-21                                                          
     500   1.00000e-21                                                          
     506   1.00000e-21                                                          
     512   1.00000e-21                                                          
     520   1.00000e-21                                                          
     530   1.00000e-21                                                          
     540   1.00000e-21                                                          
     550   1.00000e-21                                                          
     560   1.00000e-21                                                          
     570   1.00000e-21                                                          
     580   1.00000e-21                                                          
     590   1.00000e-21                                                          
     600   1.00000e-21                                                          
     610   1.00000e-21                                                          
     620   1.00000e-21                                                          
     630   1.00000e-21                                                          
     640   1.00000e-21                                                          
     650   1.00000e-21                                                          
     658   1.00000e-21                                                          
     665   1.00000e-21                                                          
     675   1.00000e-21                                                          
     685   1.00000e-21                                                          
     695   1.00000e-21                                                          
     705   1.00000e-21                                                          
     716   1.00000e-21                                                          
     726   1.00000e-21                                                          
     735   1.00000e-21                                                          
     745   1.00000e-21                                                          
     755   1.00000e-21                                                          
     765   1.00000e-21                                                          
     775   1.00000e-21                                                          
     785   1.00000e-21                                                          
     795   1.00000e-21                                                          
     805   1.00000e-21                                                          
     815   1.00000e-21                                                          
     825   1.00000e-21                                                          
     835   1.00000e-21                                                          
     845   1.00000e-21                                                          
     855   1.00000e-21                                                          
     865   1.00000e-21                                                          
     875   1.00000e-21                                                          
     885   1.00000e-21                                                          
     895   1.00000e-21                                                          
     905   1.00000e-21                                                          
     915   1.00000e-21                                                          
     925   1.15203e-08                                                          
     935   1.61709e-08                                                          
     945   2.51563e-08                                                          
     955   3.95452e-08                                                          
     965   6.25955e-08                                                          
     975   8.52680e-08                                                          
     985   1.29468e-07                                                          
     995   1.83711e-07                                                          
    1005   2.83330e-07                                                          
    1015   4.03892e-07                                                          
    1025   4.50209e-07                                                          
    1035   8.38045e-07                                                          
    1045   1.21298e-06                                                          
    1055   1.54229e-06                                                          
    1065   2.24773e-06                                                          
    1075   3.10464e-06                                                          
    1085   4.26057e-06                                                          
    1095   5.36965e-06                                                          
    1105   7.35535e-06                                                          
    1115   1.00141e-05                                                          
    1125   1.41859e-05                                                          
    1135   2.02492e-05                                                          
    1145   2.75557e-05                                                          
    1155   3.56319e-05                                                          
    1165   4.73183e-05                                                          
    1175   6.28341e-05                                                          
    1185   7.74895e-05                                                          
    1195   8.89789e-05                                                          
    1205   1.01606e-04                                                          
    1215   6.91067e-05                                                          
    1225   1.59072e-04                                                          
    1235   2.46120e-04                                                          
    1245   3.16599e-04                                                          
    1255   3.84589e-04                                                          
    1265   4.69979e-04                                                          
    1275   5.84439e-04                                                          
    1285   6.77174e-04                                                          
    1295   8.42839e-04                                                          
    1305   9.67772e-04                                                          
    1315   1.25484e-03                                                          
    1325   1.43228e-03                                                          
    1335   1.70736e-03                                                          
    1345   2.13581e-03                                                          
    1355   2.61698e-03                                                          
    1365   3.07383e-03                                                          
    1375   3.63761e-03                                                          
    1385   4.27862e-03                                                          
    1395   5.17060e-03                                                          
    1405   6.26124e-03                                                          
    1415   7.61884e-03                                                          
    1425   8.75833e-03                                                          
    1435   1.09119e-02                                                          
    1442   1.31176e-02                                                          
    1447   1.34114e-02                                                          
    1455   1.50900e-02                                                          
    1465   1.92126e-02                                                          
    1475   2.27446e-02                                                          
    1485   2.55090e-02                                                          
    1495   3.21487e-02                                                          
    1505   3.93694e-02                                                          
    1512   3.57929e-02                                                          
    1517   4.25535e-02                                                          
    1525   1.02018e-01                                                          
    1535   1.76163e-01                                                          
    1545   1.50359e-01                                                          
    1555   2.55394e-01                                                          
    1565   2.48777e-01                                                          
    1575   6.15000e-01                                                          
    1585   7.55333e-01                                                          
    1595   9.02621e-01                                                          
    1605   9.51320e-01                                                          
    1615   1.04413e+00                                                          
    1625   1.19494e+00                                                          
    1635   1.54928e+00                                                          
    1645   2.29130e+00                                                          
    1655   1.59757e+00                                                          
    1665   2.81700e+00                                                          
    1672   1.88357e+00                                                          
    1677   8.96245e+00                                                          
    1685   1.00977e+01                                                          
    1695   1.31340e+01                                                          
    1705   1.40121e+01                                                          
    1715   1.34638e+01                                                          
    1725   1.90964e+01                                                          
    1735   2.32865e+01                                                          
    1745   3.34528e+01                                                          
    1755   4.48595e+01                                                          
    1765   4.39446e+01                                                          
    1775   4.57916e+01                                                          
    1785   6.46061e+01                                                          
    1795   7.44284e+01                                                          
    1805   8.79605e+01                                                          
    1815   8.18758e+01                                                          
    1825   1.11469e+02                                                          
    1835   1.14293e+02                                                          
    1845   8.77353e+01                                                          
    1855   1.23603e+02                                                          
    1865   1.49459e+02                                                          
    1875   1.64232e+02                                                          
    1885   1.79975e+02                                                          
    1895   2.44938e+02                                                          
    1905   2.37490e+02                                                          
    1915   2.74314e+02                                                          
    1925   2.79911e+02                                                          
    1935   1.86744e+02                                                          
    1945   3.65962e+02                                                          
    1955   4.00568e+02                                                          
    1967   5.19422e+02                                                          
    1976   5.27324e+02                                                          
    1984   5.90224e+02                                                          
    1995   6.00003e+02                                                          
    2005   5.99104e+02                                                          
    2015   6.75485e+02                                                          
    2025   5.43404e+02                                                          
    2035   7.62232e+02                                                          
    2045   8.79357e+02                                                          
    2055   9.50499e+02                                                          
    2065   9.55798e+02                                                          
    2074   1.01825e+03                                                          
    2078   1.99687e+03                                                          
    2085   2.48133e+03                                                          
    2095   2.42450e+03                                                          
    2105   2.54309e+03                                                          
    2115   3.02204e+03                                                          
    2125   2.76475e+03                                                          
    2135   3.15194e+03                                                          
    2145   3.70409e+03                                                          
    2155   3.41751e+03                                                          
    2165   3.33485e+03                                                          
    2175   3.37295e+03                                                          
    2185   4.15470e+03                                                          
    2195   4.41834e+03                                                          
    2205   4.63733e+03                                                          
    2215   3.89847e+03                                                          
    2225   4.84549e+03                                                          
    2235   6.93183e+03                                                          
    2245   6.92660e+03                                                          
    2255   5.85999e+03                                                          
    2265   4.74738e+03                                                          
    2275   5.44276e+03                                                          
    2285   8.27187e+03                                                          
    2295   6.94432e+03                                                          
    2305   7.50081e+03                                                          
    2315   7.55273e+03                                                          
    2325   7.60547e+03                                                          
    2335   8.20755e+03                                                          
    2345   5.63012e+03                                                          
    2355   8.71221e+03                                                          
    2365   6.56247e+03                                                          
    2375   8.05863e+03                                                          
    2385   5.91403e+03                                                          
    2395   7.22990e+03                                                          
    2405   8.12505e+03                                                          
    2415   7.45032e+03                                                          
    2425   1.22064e+04                                                          
    2435   1.35125e+04                                                          
    2445   1.67851e+04                                                          
    2455   1.83446e+04                                                          
    2465   1.35229e+04                                                          
    2475   1.21573e+04                                                          
    2485   4.90894e+03                                                          
    2495   7.91545e+03                                                          
    2505   1.35484e+04                                                          
    2513   7.00855e+03                                                          
    2518   4.74612e+03                                                          
    2525   5.46392e+03                                                          
    2535   1.35550e+04                                                          
    2545   1.38866e+04                                                          
    2555   4.07455e+04                                                          
    2565   2.57579e+04                                                          
    2575   3.92868e+04                                                          
    2585   3.48236e+04                                                          
    2595   3.14732e+04                                                          
    2605   2.80830e+04                                                          
    2615   2.48927e+04                                                          
    2625   3.56064e+04                                                          
    2635   8.14798e+04                                                          
    2645   1.07885e+05                                                          
    2655   1.94990e+05                                                          
    2665   1.01214e+05                                                          
    2675   1.10978e+05                                                          
    2685   1.47798e+05                                                          
    2695   8.68673e+04                                                          
    2705   1.26511e+05                                                          
    2715   7.99618e+04                                                          
    2725   4.21216e+04                                                          
    2735   6.76228e+04                                                          
    2745   4.12491e+04                                                          
    2755   6.26268e+04                                                          
    2765   8.91877e+04                                                          
    2775   9.30029e+04                                                          
    2785   5.13451e+04                                                          
    2795   2.07321e+04                                                          
    2805   2.63442e+04                                                          
    2815   7.81345e+04                                                          
    2825   1.13842e+05                                                          
    2835   8.98256e+04                                                          
    2845   4.55147e+04                                                          
    2855   2.10895e+04                                                          
    2865   7.00797e+04                                                          
    2875   1.50157e+05                                                          
    2885   1.50386e+05                                                          
    2895   2.29302e+05                                                          
    2910   3.44085e+05                                                          
    2930   2.88614e+05                                                          
    2950   2.46145e+05                                                          
    2970   2.46974e+05                                                          
    2990   2.54358e+05                                                          
    3010   2.29640e+05                                                          
    3030   2.75756e+05                                                          
    3050   2.88768e+05                                                          
    3070   3.57795e+05                                                          
    3090   3.30786e+05                                                          
    3110   4.33343e+05                                                          
    3130   3.75606e+05                                                          
    3150   3.81305e+05                                                          
    3170   4.32763e+05                                                          
    3190   3.63165e+05                                                          
    3210   3.97931e+05                                                          
    3230   3.25640e+05                                                          
    3250   5.14806e+05                                                          
    3270   6.19598e+05                                                          
    3290   5.99624e+05                                                          
    3310   5.34609e+05                                                          
    3330   5.65256e+05                                                          
    3350   5.32005e+05                                                          
    3370   3.57653e+05                                                          
    3390   4.21772e+05                                                          
    3410   4.33504e+05                                                          
    3430   4.66748e+05                                                          
    3450   5.00372e+05                                                          
    3470   5.29159e+05                                                          
    3490   6.22402e+05                                                          
    3510   6.67286e+05                                                          
    3530   5.78206e+05                                                          
    3550   6.70745e+05                                                          
    3570   4.01398e+05                                                          
    3590   4.33793e+05                                                          
    3610   6.02451e+05                                                          
    3630   6.20685e+05                                                          
    3640   6.51373e+05                                                          
    3650   7.56046e+05                                                          
    3670   8.07080e+05                                                          
    3690   7.17286e+05                                                          
    3710   7.77120e+05                                                          
    3730   4.53685e+05                                                          
    3750   5.35250e+05                                                          
    3770   7.18706e+05                                                          
    3790   7.19363e+05                                                          
    3810   6.41728e+05                                                          
    3830   3.15078e+05                                                          
    3850   4.29646e+05                                                          
    3870   4.32495e+05                                                          
    3890   6.63620e+05                                                          
    3910   8.37013e+05                                                          
    3930   3.94638e+05                                                          
    3950   7.30247e+05                                                          
    3970   5.04817e+05                                                          
    3990   1.10109e+06                                                          
    4010   1.17962e+06                                                          
    4030   1.17703e+06                                                          
    4050   1.11579e+06                                                          
    4070   1.05352e+06                                                          
    4090   1.30977e+06                                                          
    4110   1.29862e+06                                                          
    4130   1.22118e+06                                                          
    4150   1.18584e+06                                                          
    4170   1.21890e+06                                                          
    4190   1.15395e+06                                                          
    4210   1.19862e+06                                                          
    4230   1.16754e+06                                                          
    4250   1.17716e+06                                                          
    4270   1.08862e+06                                                          
    4290   9.93982e+05                                                          
    4310   8.19325e+05                                                          
    4330   1.28955e+06                                                          
    4350   1.25750e+06                                                          
    4370   1.36432e+06                                                          
    4390   1.20819e+06                                                          
    4410   1.31891e+06                                                          
    4430   1.44928e+06                                                          
    4450   1.43937e+06                                                          
    4470   1.54769e+06                                                          
    4490   1.57688e+06                                                          
    4510   1.78719e+06                                                          
    4530   1.58059e+06                                                          
    4550   1.64990e+06                                                          
    4570   1.76899e+06                                                          
    4590   1.66305e+06                                                          
    4610   1.70519e+06                                                          
    4630   1.67354e+06                                                          
    4650   1.69484e+06                                                          
    4670   1.75788e+06                                                          
    4690   1.72041e+06                                                          
    4710   1.67761e+06                                                          
    4730   1.74599e+06                                                          
    4750   1.79292e+06                                                          
    4770   1.80469e+06                                                          
    4790   1.79995e+06                                                          
    4810   1.77117e+06                                                          
    4830   1.82146e+06                                                          
    4850   1.71567e+06                                                          
    4870   1.55553e+06                                                          
    4890   1.71660e+06                                                          
    4910   1.71787e+06                                                          
    4930   1.68161e+06                                                          
    4950   1.77498e+06                                                          
    4970   1.77009e+06                                                          
    4990   1.64040e+06                                                          
    5010   1.56465e+06                                                          
    5030   1.65863e+06                                                          
    5050   1.66443e+06                                                          
    5070   1.74943e+06                                                          
    5090   1.65494e+06                                                          
    5110   1.68936e+06                                                          
    5130   1.64222e+06                                                          
    5150   1.57175e+06                                                          
    5170   1.39792e+06                                                          
    5190   1.44829e+06                                                          
    5210   1.61196e+06                                                          
    5230   1.65350e+06                                                          
    5250   1.72633e+06                                                          
    5270   1.50159e+06                                                          
    5290   1.72329e+06                                                          
    5310   1.81542e+06                                                          
    5330   1.59997e+06                                                          
    5350   1.75356e+06                                                          
    5370   1.73878e+06                                                          
    5390   1.71038e+06                                                          
    5410   1.65723e+06                                                          
    5430   1.69975e+06                                                          
    5450   1.76178e+06                                                          
    5470   1.72536e+06                                                          
    5490   1.73776e+06                                                          
    5510   1.71485e+06                                                          
    5530   1.74165e+06                                                          
    5550   1.76493e+06                                                          
    5570   1.71579e+06                                                          
    5590   1.67549e+06                                                          
    5610   1.74563e+06                                                          
    5630   1.73522e+06                                                          
    5650   1.74614e+06                                                          
    5670   1.70187e+06                                                          
    5690   1.73578e+06                                                          
    5710   1.68911e+06                                                          
    5730   1.81613e+06                                                          
    5750   1.74770e+06                                                          
    5770   1.76820e+06                                                          
    5790   1.70829e+06                                                          
    5810   1.76067e+06                                                          
    5830   1.79744e+06                                                          
    5850   1.74932e+06                                                          
    5870   1.75538e+06                                                          
    5890   1.61634e+06                                                          
    5910   1.73015e+06                                                          
    5930   1.72921e+06                                                          
    5950   1.73329e+06                                                          
    5970   1.74737e+06                                                          
    5990   1.72328e+06                                                          
    6010   1.68992e+06                                                          
    6030   1.71220e+06                                                          
    6050   1.74290e+06                                                          
    6070   1.72753e+06                                                          
    6090   1.67100e+06                                                          
    6110   1.66683e+06                                                          
    6130   1.59396e+06                                                          
    6150   1.63374e+06                                                          
    6170   1.56993e+06                                                          
    6190   1.66208e+06                                                          
    6210   1.66140e+06                                                          
    6230   1.61025e+06                                                          
    6250   1.56459e+06                                                          
    6270   1.63293e+06                                                          
    6290   1.64147e+06                                                          
    6310   1.59419e+06                                                          
    6330   1.60409e+06                                                          
    6350   1.60858e+06                                                          
    6370   1.59897e+06                                                          
    6390   1.61399e+06                                                          
    6410   1.57186e+06                                                          
    6430   1.59264e+06                                                          
    6450   1.57598e+06                                                          
    6470   1.56393e+06                                                          
    6490   1.53973e+06                                                          
    6510   1.57827e+06                                                          
    6530   1.57838e+06                                                          
    6550   1.53510e+06                                                          
    6570   1.40853e+06                                                          
    6590   1.54101e+06                                                          
    6610   1.56417e+06                                                          
    6630   1.54907e+06                                                          
    6650   1.54649e+06                                                          
    6670   1.52303e+06                                                          
    6690   1.55442e+06                                                          
    6710   1.50847e+06                                                          
    6730   1.53764e+06                                                          
    6750   1.51707e+06                                                          
    6770   1.52065e+06                                                          
    6790   1.50796e+06                                                          
    6810   1.50017e+06                                                          
    6830   1.51040e+06                                                          
    6850   1.46704e+06                                                          
    6870   1.48717e+06                                                          
    6890   1.49287e+06                                                          
    6910   1.47746e+06                                                          
    6930   1.47022e+06                                                          
    6950   1.46045e+06                                                          
    6970   1.46013e+06                                                          
    6990   1.45360e+06                                                          
    7010   1.40862e+06                                                          
    7030   1.43214e+06                                                          
    7050   1.43852e+06                                                          
    7070   1.42029e+06                                                          
    7090   1.41296e+06                                                          
    7110   1.41826e+06                                                          
    7130   1.39017e+06                                                          
    7150   1.38179e+06                                                          
    7170   1.38564e+06                                                          
    7190   1.33967e+06                                                          
    7210   1.37146e+06                                                          
    7230   1.37659e+06                                                          
    7250   1.37834e+06                                                          
    7270   1.37168e+06                                                          
    7290   1.32955e+06                                                          
    7310   1.35145e+06                                                          
    7330   1.34804e+06                                                          
    7350   1.34731e+06                                                          
    7370   1.35170e+06                                                          
    7390   1.31445e+06                                                          
    7410   1.28744e+06                                                          
    7430   1.31521e+06                                                          
    7450   1.31646e+06                                                          
    7470   1.32308e+06                                                          
    7490   1.31071e+06                                                          
    7510   1.31069e+06                                                          
    7530   1.31365e+06                                                          
    7550   1.31520e+06                                                          
    7570   1.30125e+06                                                          
    7590   1.29430e+06                                                          
    7610   1.28831e+06                                                          
    7630   1.29088e+06                                                          
    7650   1.29084e+06                                                          
    7670   1.24875e+06                                                          
    7690   1.28075e+06                                                          
    7710   1.25858e+06                                                          
    7730   1.25950e+06                                                          
    7750   1.24242e+06                                                          
    7770   1.26601e+06                                                          
    7790   1.26011e+06                                                          
    7810   1.25219e+06                                                          
    7830   1.23735e+06                                                          
    7850   1.23102e+06                                                          
    7870   1.24122e+06                                                          
    7890   1.22804e+06                                                          
    7910   1.20381e+06                                                          
    7930   1.18577e+06                                                          
    7950   1.17856e+06                                                          
    7970   1.20423e+06                                                          
    7990   1.20328e+06                                                          
    8010   1.18547e+06                                                          
    8030   1.18444e+06                                                          
    8050   1.17261e+06                                                          
    8070   1.17673e+06                                                          
    8090   1.15021e+06                                                          
    8110   1.15891e+06                                                          
    8130   1.16398e+06                                                          
    8150   1.15605e+06                                                          
    8170   1.15404e+06                                                          
    8190   1.11852e+06                                                          
    8210   1.12028e+06                                                          
    8230   1.12021e+06                                                          
    8250   1.12916e+06                                                          
    8270   1.13791e+06                                                          
    8290   1.12967e+06                                                          
    8310   1.10199e+06                                                          
    8330   1.09712e+06                                                          
    8350   1.09970e+06                                                          
    8370   1.10429e+06                                                          
    8390   1.07448e+06                                                          
    8410   1.09929e+06                                                          
    8430   1.07368e+06                                                          
    8450   1.08686e+06                                                          
    8470   1.07474e+06                                                          
    8490   1.08321e+06                                                          
    8510   1.03391e+06                                                          
    8530   1.07784e+06                                                          
    8550   1.01449e+06                                                          
    8570   1.07805e+06                                                          
    8590   1.05240e+06                                                          
    8610   1.04988e+06                                                          
    8630   1.05990e+06                                                          
    8650   1.06075e+06                                                          
    8670   9.82530e+05                                                          
    8690   1.01885e+06                                                          
    8710   1.03309e+06                                                          
    8730   1.03380e+06                                                          
    8750   1.01657e+06                                                          
    8770   1.03258e+06                                                          
    8790   1.02065e+06                                                          
    8810   9.93142e+05                                                          
    8830   1.00993e+06                                                          
    8850   1.01396e+06                                                          
    8870   9.87510e+05                                                          
    8890   1.01052e+06                                                          
    8910   1.01472e+06                                                          
    8930   9.90555e+05                                                          
    8950   9.87974e+05                                                          
    8970   9.89878e+05                                                          
    8990   9.90761e+05                                                          
    9010   9.47370e+05                                                          
    9030   9.78179e+05                                                          
    9050   9.92967e+05                                                          
    9070   9.75707e+05                                                          
    9090   9.47066e+05                                                          
    9110   9.53705e+05                                                          
    9130   9.69212e+05                                                          
    9150   9.62458e+05                                                          
    9170   9.59562e+05                                                          
    9190   9.66451e+05                                                          
    9210   9.41519e+05                                                          
    9230   9.35036e+05                                                          
    9250   9.31880e+05                                                          
    9270   9.38637e+05                                                          
    9290   9.36823e+05                                                          
    9310   9.40467e+05                                                          
    9330   9.32361e+05                                                          
    9350   9.28706e+05                                                          
    9370   9.18381e+05                                                          
    9390   9.23082e+05                                                          
    9410   8.88827e+05                                                          
    9430   9.15146e+05                                                          
    9450   8.95968e+05                                                          
    9470   9.10440e+05                                                          
    9490   9.11547e+05                                                          
    9510   9.02705e+05                                                          
    9530   8.98286e+05                                                          
    9550   8.76185e+05                                                          
    9570   8.82923e+05                                                          
    9590   8.93431e+05                                                          
    9610   8.80847e+05                                                          
    9630   8.73572e+05                                                          
    9650   8.63644e+05                                                          
    9670   8.63333e+05                                                          
    9690   8.72072e+05                                                          
    9710   8.63344e+05                                                          
    9730   8.60242e+05                                                          
    9750   8.52617e+05                                                          
    9770   8.51190e+05                                                          
    9790   8.42273e+05                                                          
    9810   8.51851e+05                                                          
    9830   8.46837e+05                                                          
    9850   8.47023e+05                                                          
    9870   8.37599e+05                                                          
    9890   8.35649e+05                                                          
    9910   8.32744e+05                                                          
    9930   8.35680e+05                                                          
    9950   8.33087e+05                                                          
    9970   8.30400e+05                                                          
    9990   8.24999e+05                                                          
   10025   8.18748e+05                                                          
   10075   8.05171e+05                                                          
   10125   8.03380e+05                                                          
   10175   7.89504e+05                                                          
   10225   7.86034e+05                                                          
   10275   7.83707e+05                                                          
   10325   7.68261e+05                                                          
   10375   7.60606e+05                                                          
   10425   7.60423e+05                                                          
   10475   7.48798e+05                                                          
   10525   7.46680e+05                                                          
   10575   7.36215e+05                                                          
   10625   7.28516e+05                                                          
   10675   7.13574e+05                                                          
   10725   7.13045e+05                                                          
   10775   7.02982e+05                                                          
   10825   6.89903e+05                                                          
   10875   6.86849e+05                                                          
   10925   6.85137e+05                                                          
   10975   6.75056e+05                                                          
   11025   6.77836e+05                                                          
   11075   6.74946e+05                                                          
   11125   6.66877e+05                                                          
   11175   6.58551e+05                                                          
   11225   6.56504e+05                                                          
   11275   6.42601e+05                                                          
   11325   6.40604e+05                                                          
   11375   6.34040e+05                                                          
   11425   6.23955e+05                                                          
   11475   6.29813e+05                                                          
   11525   6.24522e+05                                                          
   11575   6.14511e+05                                                          
   11625   6.04596e+05                                                          
   11675   6.02551e+05                                                          
   11725   6.04663e+05                                                          
   11775   5.91513e+05                                                          
   11825   5.85072e+05                                                          
   11875   5.78072e+05                                                          
   11925   5.85437e+05                                                          
   11975   5.62989e+05                                                          
   12025   5.69645e+05                                                          
   12075   5.61614e+05                                                          
   12125   5.61641e+05                                                          
   12175   5.62401e+05                                                          
   12225   5.56920e+05                                                          
   12275   5.50243e+05                                                          
   12325   5.46861e+05                                                          
   12375   5.42670e+05                                                          
   12425   5.36688e+05                                                          
   12475   5.35230e+05                                                          
   12525   5.28626e+05                                                          
   12575   5.25394e+05                                                          
   12625   5.20895e+05                                                          
   12675   5.14270e+05                                                          
   12725   5.14088e+05                                                          
   12775   5.11703e+05                                                          
   12825   4.89042e+05                                                          
   12875   4.99683e+05                                                          
   12925   4.94583e+05                                                          
   12975   4.95472e+05                                                          
   13025   4.87548e+05                                                          
   13075   4.87740e+05                                                          
   13125   4.78037e+05                                                          
   13175   4.74837e+05                                                          
   13225   4.75847e+05                                                          
   13275   4.66941e+05                                                          
   13325   4.67233e+05                                                          
   13375   4.62559e+05                                                          
   13425   4.63438e+05                                                          
   13475   4.58797e+05                                                          
   13525   4.55968e+05                                                          
   13575   4.47000e+05                                                          
   13625   4.45495e+05                                                          
   13675   4.43308e+05                                                          
   13725   4.41560e+05                                                          
   13775   4.37811e+05                                                          
   13825   4.35986e+05                                                          
   13875   4.32127e+05                                                          
   13925   4.30718e+05                                                          
   13975   4.27979e+05                                                          
   14025   4.20379e+05                                                          
   14075   4.21683e+05                                                          
   14125   4.14736e+05                                                          
   14175   4.17139e+05                                                          
   14225   4.07574e+05                                                          
   14275   4.00581e+05                                                          
   14325   4.06053e+05                                                          
   14375   4.06233e+05                                                          
   14425   3.91135e+05                                                          
   14475   3.99043e+05                                                          
   14525   3.89912e+05                                                          
   14570   3.91376e+05                                                          
   14620   3.89888e+05                                                          
   14675   3.87405e+05                                                          
   14725   3.79740e+05                                                          
   14775   3.78476e+05                                                          
   14825   3.77215e+05                                                          
   14875   3.67974e+05                                                          
   14925   3.76549e+05                                                          
   14975   3.69568e+05                                                          
   15025   3.57200e+05                                                          
   15075   3.57035e+05                                                          
   15125   3.63522e+05                                                          
   15175   3.62359e+05                                                          
   15225   3.56486e+05                                                          
   15275   3.57604e+05                                                          
   15325   3.53457e+05                                                          
   15375   3.52410e+05                                                          
   15425   3.51061e+05                                                          
   15475   3.47930e+05                                                          
   15525   3.41677e+05                                                          
   15575   3.37920e+05                                                          
   15625   3.42063e+05                                                          
   15675   3.31548e+05                                                          
   15725   3.34040e+05                                                          
   15775   3.20183e+05                                                          
   15825   3.25633e+05                                                          
   15875   3.12874e+05                                                          
   15925   3.19154e+05                                                          
   15975   3.21468e+05                                                          
   16050   3.17535e+05                                                          
   16150   3.10580e+05                                                          
   16250   3.09703e+05                                                          
   16350   3.02876e+05                                                          
   16450   2.95150e+05                                                          
   16550   2.94348e+05                                                          
   16650   2.89179e+05                                                          
   16750   2.80394e+05                                                          
   16850   2.71889e+05                                                          
   16950   2.74104e+05                                                          
   17050   2.64644e+05                                                          
   17150   2.60943e+05                                                          
   17250   2.53550e+05                                                          
   17350   2.43923e+05                                                          
   17450   2.44030e+05                                                          
   17550   2.40595e+05                                                          
   17650   2.36179e+05                                                          
   17750   2.31009e+05                                                          
   17850   2.27841e+05                                                          
   17950   2.23233e+05                                                          
   18050   2.18182e+05                                                          
   18150   2.10448e+05                                                          
   18250   2.08681e+05                                                          
   18350   2.05629e+05                                                          
   18450   1.99954e+05                                                          
   18550   1.98055e+05                                                          
   18650   1.92000e+05                                                          
   18750   1.83428e+05                                                          
   18850   1.86415e+05                                                          
   18950   1.78786e+05                                                          
   19050   1.80413e+05                                                          
   19150   1.76542e+05                                                          
   19250   1.73541e+05                                                          
   19350   1.68636e+05                                                          
   19450   1.62177e+05                                                          
   19550   1.63992e+05                                                          
   19650   1.60641e+05                                                          
   19750   1.57226e+05                                                          
   19850   1.55043e+05                                                          
   19950   1.52589e+05                                                          
   20050   1.51020e+05                                                          
   20150   1.49040e+05                                                          
   20250   1.44715e+05                                                          
   20350   1.41492e+05                                                          
   20450   1.41147e+05                                                          
   20550   1.38354e+05                                                          
   20650   1.35040e+05                                                          
   20750   1.33251e+05                                                          
   20850   1.31063e+05                                                          
   20950   1.27782e+05                                                          
   21050   1.26928e+05                                                          
   21150   1.24527e+05                                                          
   21250   1.22365e+05                                                          
   21350   1.20753e+05                                                          
   21450   1.18775e+05                                                          
   21550   1.16818e+05                                                          
   21650   1.11934e+05                                                          
   21750   1.12056e+05                                                          
   21850   1.10432e+05                                                          
   21950   1.09281e+05                                                          
   22050   1.06405e+05                                                          
   22150   1.05752e+05                                                          
   22250   1.03590e+05                                                          
   22350   1.01933e+05                                                          
   22450   1.00371e+05                                                          
   22550   9.88125e+04                                                          
   22650   9.69018e+04                                                          
   22750   9.59243e+04                                                          
   22850   9.37568e+04                                                          
   22950   8.88866e+04                                                          
   23050   8.97082e+04                                                          
   23150   8.85209e+04                                                          
   23250   8.30338e+04                                                          
   23350   8.42398e+04                                                          
   23450   8.42468e+04                                                          
   23550   7.84192e+04                                                          
   23650   8.04374e+04                                                          
   23750   7.98210e+04                                                          
   23850   7.46880e+04                                                          
   23950   7.62691e+04                                                          
   24050   7.59305e+04                                                          
   24150   7.19844e+04                                                          
   24250   7.25400e+04                                                          
   24350   7.21032e+04                                                          
   24450   6.96491e+04                                                          
   24550   6.85118e+04                                                          
   24650   6.92596e+04                                                          
   24750   6.73209e+04                                                          
   24850   6.53199e+04                                                          
   24950   6.57489e+04                                                          
   25050   6.56588e+04                                                          
   25150   6.30807e+04                                                          
   25250   6.33852e+04                                                          
   25350   6.26454e+04                                                          
   25450   6.12728e+04                                                          
   25550   6.04726e+04                                                          
   25650   5.97797e+04                                                          
   25750   5.95658e+04                                                          
   25850   5.74405e+04                                                          
   25950   5.75507e+04                                                          
   26050   5.70602e+04                                                          
   26150   5.60337e+04                                                          
   26250   5.42675e+04                                                          
   26350   5.45490e+04                                                          
   26450   5.37619e+04                                                          
   26550   5.30651e+04                                                          
   26650   5.19399e+04                                                          
   26750   5.19813e+04                                                          
   26850   5.14834e+04                                                          
   26950   5.06001e+04                                                          
   27050   5.00972e+04                                                          
   27150   4.94148e+04                                                          
   27250   4.87912e+04                                                          
   27350   4.81305e+04                                                          
   27450   4.76643e+04                                                          
   27550   4.68165e+04                                                          
   27650   4.61741e+04                                                          
   27750   4.56052e+04                                                          
   27850   4.51191e+04                                                          
   27950   4.46832e+04                                                          
   28050   4.40573e+04                                                          
   28150   4.34921e+04                                                          
   28250   4.29083e+04                                                          
   28350   4.24703e+04                                                          
   28450   4.17664e+04                                                          
   28550   4.12978e+04                                                          
   28650   4.07222e+04                                                          
   28750   4.00114e+04                                                          
   28850   3.97244e+04                                                          
   28950   3.92630e+04                                                          
   29050   3.87544e+04                                                          
   29150   3.82928e+04                                                          
   29250   3.76278e+04                                                          
   29350   3.73245e+04                                                          
   29450   3.67382e+04                                                          
   29550   3.63650e+04                                                          
   29650   3.59674e+04                                                          
   29750   3.55132e+04                                                          
   29850   3.50523e+04                                                          
   29950   3.45579e+04                                                          
   30050   3.41397e+04                                                          
   30150   3.37923e+04                                                          
   30250   3.33084e+04                                                          
   30350   3.26415e+04                                                          
   30450   3.24753e+04                                                          
   30550   3.21050e+04                                                          
   30650   3.16686e+04                                                          
   30750   3.13780e+04                                                          
   30850   3.08927e+04                                                          
   30950   3.05406e+04                                                          
   31050   3.02609e+04                                                          
   31150   2.96418e+04                                                          
   31250   2.94941e+04                                                          
   31350   2.91769e+04                                                          
   31450   2.88244e+04                                                          
   31550   2.83673e+04                                                          
   31650   2.80746e+04                                                          
   31750   2.77790e+04                                                          
   31850   2.74559e+04                                                          
   31950   2.71751e+04                                                          
   32100   2.66401e+04                                                          
   32300   2.60399e+04                                                          
   32500   2.54207e+04                                                          
   32700   2.48225e+04                                                          
   32900   2.41228e+04                                                          
   33100   2.36756e+04                                                          
   33300   2.31098e+04                                                          
   33500   2.26584e+04                                                          
   33700   2.21273e+04                                                          
   33900   2.15874e+04                                                          
   34100   2.10843e+04                                                          
   34300   2.07076e+04                                                          
   34500   2.02879e+04                                                          
   34700   1.98257e+04                                                          
   34900   1.94022e+04                                                          
   35100   1.90016e+04                                                          
   35300   1.85483e+04                                                          
   35500   1.81867e+04                                                          
   35700   1.77765e+04                                                          
   35900   1.73975e+04                                                          
   36100   1.70764e+04                                                          
   36300   1.67195e+04                                                          
   36500   1.63154e+04                                                          
   36700   1.59644e+04                                                          
   36900   1.55505e+04                                                          
   37100   1.52195e+04                                                          
   37300   1.49775e+04                                                          
   37500   1.45384e+04                                                          
   37700   1.43896e+04                                                          
   37900   1.40871e+04                                                          
   38100   1.38404e+04                                                          
   38300   1.35982e+04                                                          
   38500   1.33424e+04                                                          
   38700   1.30399e+04                                                          
   38900   1.27960e+04                                                          
   39100   1.25713e+04                                                          
   39300   1.23295e+04                                                          
   39500   1.20413e+04                                                          
   39700   1.18358e+04                                                          
   39900   1.15412e+04                                                          
   40100   1.13622e+04                                                          
   40300   1.11847e+04                                                          
   40500   1.09057e+04                                                          
   40700   1.07553e+04                                                          
   40900   1.05622e+04                                                          
   41100   1.03759e+04                                                          
   41300   1.01983e+04                                                          
   41500   9.98885e+03                                                          
   41700   9.80844e+03                                                          
   41900   9.62008e+03                                                          
   42100   9.40373e+03                                                          
   42300   9.30898e+03                                                          
   42500   9.10738e+03                                                          
   42700   8.96900e+03                                                          
   42900   8.52654e+03                                                          
   43100   8.17518e+03                                                          
   43300   8.16763e+03                                                          
   43500   7.74858e+03                                                          
   43700   7.57170e+03                                                          
   43900   7.48046e+03                                                          
   44100   7.07980e+03                                                          
   44300   7.04291e+03                                                          
   44500   6.94159e+03                                                          
   44700   6.60774e+03                                                          
   44900   6.65370e+03                                                          
   45100   6.49518e+03                                                          
   45300   6.23693e+03                                                          
   45500   6.25347e+03                                                          
   45700   6.20000e+03                                                          
   45900   5.93093e+03                                                          
   46100   5.96366e+03                                                          
   46300   5.85743e+03                                                          
   46500   5.77720e+03                                                          
   46700   5.72288e+03                                                          
   46900   5.64800e+03                                                          
   47100   5.52933e+03                                                          
   47300   5.53144e+03                                                          
   47500   5.41374e+03                                                          
   47700   5.32680e+03                                                          
   47900   5.25993e+03                                                          
   48100   5.13823e+03                                                          
   48300   5.15416e+03                                                          
   48500   5.05188e+03                                                          
   48700   4.95016e+03                                                          
   48900   4.89305e+03                                                          
   49100   4.81636e+03                                                          
   49300   4.74095e+03                                                          
   49500   4.66170e+03                                                          
   49700   4.61091e+03                                                          
   49900   4.53265e+03                                                          
   50100   4.49563e+03                                                          
   50300   4.43118e+03                                                          
   50500   4.33107e+03                                                          
   50700   4.28517e+03                                                          
   50900   4.23975e+03                                                          
   51100   4.14941e+03                                                          
   51300   4.11543e+03                                                          
   51500   4.04492e+03                                                          
   51700   4.02719e+03                                                          
   51900   3.94323e+03                                                          
   52100   3.89274e+03                                                          
   52300   3.82615e+03                                                          
   52500   3.80067e+03                                                          
   52700   3.76825e+03                                                          
   52900   3.67394e+03                                                          
   53100   3.63509e+03                                                          
   53300   3.59381e+03                                                          
   53500   3.55044e+03                                                          
   53700   3.50545e+03                                                          
   53900   3.46285e+03                                                          
   54100   3.41546e+03                                                          
   54300   3.34780e+03                                                          
   54500   3.32845e+03                                                          
   54700   3.27978e+03                                                          
   54900   3.23460e+03                                                          
   55100   3.19667e+03                                                          
   55300   3.18484e+03                                                          
   55500   3.10357e+03                                                          
   55700   3.09717e+03                                                          
   55900   3.03821e+03                                                          
   56100   3.00535e+03                                                          
   56300   2.95581e+03                                                          
   56500   2.93860e+03                                                          
   56700   2.90060e+03                                                          
   56900   2.84491e+03                                                          
   57100   2.83090e+03                                                          
   57300   2.79130e+03                                                          
   57500   2.75785e+03                                                          
   57700   2.71657e+03                                                          
   57900   2.69491e+03                                                          
   58100   2.64985e+03                                                          
   58300   2.62002e+03                                                          
   58500   2.59232e+03                                                          
   58700   2.54946e+03                                                          
   58900   2.51835e+03                                                          
   59100   2.49340e+03                                                          
   59300   2.46471e+03                                                          
   59500   2.42733e+03                                                          
   59700   2.40726e+03                                                          
   59900   2.37718e+03                                                          
   60100   2.34757e+03                                                          
   60300   2.31959e+03                                                          
   60500   2.28597e+03                                                          
   60700   2.25781e+03                                                          
   60900   2.23046e+03                                                          
   61100   2.19831e+03                                                          
   61300   2.17786e+03                                                          
   61500   2.15358e+03                                                          
   61700   2.12962e+03                                                          
   61900   2.10565e+03                                                          
   62100   2.08141e+03                                                          
   62300   2.05015e+03                                                          
   62500   2.02443e+03                                                          
   62700   2.00150e+03                                                          
   62900   1.97976e+03                                                          
   63100   1.95340e+03                                                          
   63300   1.93686e+03                                                          
   63500   1.91082e+03                                                          
   63700   1.89175e+03                                                          
   63900   1.86633e+03                                                          
   64200   1.83432e+03                                                          
   64600   1.79012e+03                                                          
   65000   1.74860e+03                                                          
   65400   1.70908e+03                                                          
   65800   1.67122e+03                                                          
   66200   1.63155e+03                                                          
   66600   1.59492e+03                                                          
   67000   1.55847e+03                                                          
   67400   1.52205e+03                                                          
   67800   1.48851e+03                                                          
   68200   1.45479e+03                                                          
   68600   1.42263e+03                                                          
   69000   1.39064e+03                                                          
   69400   1.35952e+03                                                          
   69800   1.33023e+03                                                          
   70200   1.29949e+03                                                          
   70600   1.27229e+03                                                          
   71000   1.24468e+03                                                          
   71400   1.21781e+03                                                          
   71800   1.19144e+03                                                          
   72200   1.16592e+03                                                          
   72600   1.14073e+03                                                          
   73000   1.11699e+03                                                          
   73400   1.09274e+03                                                          
   73800   1.07042e+03                                                          
   74200   1.04720e+03                                                          
   74600   1.02421e+03                                                          
   75000   1.00402e+03                                                          
   75400   9.83292e+02                                                          
   75800   9.64092e+02                                                          
   76200   9.44332e+02                                                          
   76600   9.25257e+02                                                          
   77000   9.06244e+02                                                          
   77400   8.88334e+02                                                          
   77800   8.70684e+02                                                          
   78200   8.53289e+02                                                          
   78600   8.36455e+02                                                          
   79000   8.19974e+02                                                          
   79400   8.03782e+02                                                          
   79800   7.88250e+02                                                          
   80200   7.72557e+02                                                          
   80600   7.57469e+02                                                          
   81000   7.43354e+02                                                          
   81400   7.28573e+02                                                          
   81800   7.15085e+02                                                          
   82200   7.01701e+02                                                          
   82600   6.88312e+02                                                          
   83000   6.75480e+02                                                          
   83400   6.62482e+02                                                          
   83800   6.50247e+02                                                          
   84200   6.38468e+02                                                          
   84600   6.26647e+02                                                          
   85000   6.15137e+02                                                          
   85400   6.03896e+02                                                          
   85800   5.92968e+02                                                          
   86200   5.82184e+02                                                          
   86600   5.71766e+02                                                          
   87000   5.61530e+02                                                          
   87400   5.51472e+02                                                          
   87800   5.41668e+02                                                          
   88200   5.31802e+02                                                          
   88600   5.22489e+02                                                          
   89000   5.13171e+02                                                          
   89400   5.04463e+02                                                          
   89800   4.95369e+02                                                          
   90200   4.87079e+02                                                          
   90600   4.78843e+02                                                          
   91000   4.70197e+02                                                          
   91400   4.62330e+02                                                          
   91800   4.54596e+02                                                          
   92200   4.46992e+02                                                          
   92600   4.39405e+02                                                          
   93000   4.32042e+02                                                          
   93400   4.24762e+02                                                          
   93800   4.17712e+02                                                          
   94200   4.10780e+02                                                          
   94600   4.03924e+02                                                          
   95000   3.97287e+02                                                          
   95400   3.90761e+02                                                          
   95800   3.84434e+02                                                          
   96200   3.78108e+02                                                          
   96600   3.72053e+02                                                          
   97000   3.66060e+02                                                          
   97400   3.59811e+02                                                          
   97800   3.54253e+02                                                          
   98200   3.48712e+02                                                          
   98600   3.43199e+02                                                          
   99000   3.37801e+02                                                          
   99400   3.32393e+02                                                          
   99800   3.27206e+02                                                          
  100200   3.22091e+02                                                          
  200000   2.08497e+01                                                          
  400000   1.30897e+00                                                          
  600000   2.57279e-01                                                          
  800000   8.09065e-02                                                          
 1000000   3.29436e-02                                                          
 1200000   1.57999e-02                                                          
 1400000   8.48535e-03                                                          
 1600000   4.95126e-03                                                          
