      91   1.00000e-21
      94   1.00000e-21                                                          
      96   1.00000e-21                                                          
      98   1.00000e-21                                                          
     100   1.00000e-21                                                          
     102   1.00000e-21                                                          
     104   1.00000e-21                                                          
     106   1.00000e-21                                                          
     108   1.00000e-21                                                          
     110   1.00000e-21                                                          
     114   1.00000e-21                                                          
     118   1.00000e-21                                                          
     121   1.00000e-21                                                          
     125   1.00000e-21                                                          
     127   1.00000e-21                                                          
     128   1.00000e-21                                                          
     130   1.00000e-21                                                          
     132   1.00000e-21                                                          
     134   1.00000e-21                                                          
     137   1.00000e-21                                                          
     140   1.00000e-21                                                          
     143   1.00000e-21                                                          
     147   1.00000e-21                                                          
     151   1.00000e-21                                                          
     155   1.00000e-21                                                          
     159   1.00000e-21                                                          
     162   1.00000e-21                                                          
     166   1.00000e-21                                                          
     170   1.00000e-21                                                          
     173   1.00000e-21                                                          
     177   1.00000e-21                                                          
     180   1.00000e-21                                                          
     182   1.00000e-21                                                          
     186   1.00000e-21                                                          
     191   1.00000e-21                                                          
     194   1.00000e-21                                                          
     198   1.00000e-21                                                          
     202   1.00000e-21                                                          
     205   1.00000e-21                                                          
     210   1.00000e-21                                                          
     216   1.00000e-21                                                          
     220   1.00000e-21                                                          
     223   1.00000e-21                                                          
     227   1.00000e-21                                                          
     230   1.00000e-21                                                          
     234   1.00000e-21                                                          
     240   1.00000e-21                                                          
     246   1.00000e-21                                                          
     252   1.00000e-21                                                          
     257   1.00000e-21                                                          
     260   1.00000e-21                                                          
     264   1.00000e-21                                                          
     268   1.00000e-21                                                          
     274   1.00000e-21                                                          
     278   1.00000e-21                                                          
     284   1.00000e-21                                                          
     290   1.00000e-21                                                          
     296   1.00000e-21                                                          
     301   1.00000e-21                                                          
     308   1.00000e-21                                                          
     318   1.00000e-21                                                          
     328   1.00000e-21                                                          
     338   1.00000e-21                                                          
     348   1.00000e-21                                                          
     357   1.00000e-21                                                          
     366   1.00000e-21                                                          
     375   1.00000e-21                                                          
     385   1.00000e-21                                                          
     395   1.00000e-21                                                          
     405   1.00000e-21                                                          
     414   1.00000e-21                                                          
     422   1.00000e-21                                                          
     430   1.00000e-21                                                          
     441   1.00000e-21                                                          
     451   1.00000e-21                                                          
     460   1.00000e-21                                                          
     470   1.00000e-21                                                          
     480   1.00000e-21                                                          
     490   1.00000e-21                                                          
     500   1.00000e-21                                                          
     506   1.00000e-21                                                          
     512   1.00000e-21                                                          
     520   1.00000e-21                                                          
     530   1.00000e-21                                                          
     540   1.00000e-21                                                          
     550   1.00000e-21                                                          
     560   1.00000e-21                                                          
     570   1.00000e-21                                                          
     580   1.00000e-21                                                          
     590   1.00000e-21                                                          
     600   1.00000e-21                                                          
     610   1.00000e-21                                                          
     620   1.00000e-21                                                          
     630   1.00000e-21                                                          
     640   1.00000e-21                                                          
     650   1.00000e-21                                                          
     658   1.00000e-21                                                          
     665   1.00000e-21                                                          
     675   1.00000e-21                                                          
     685   1.00000e-21                                                          
     695   1.00000e-21                                                          
     705   1.00000e-21                                                          
     716   1.00000e-21                                                          
     726   1.00000e-21                                                          
     735   1.00000e-21                                                          
     745   1.00000e-21                                                          
     755   1.00000e-21                                                          
     765   1.00000e-21                                                          
     775   1.00000e-21                                                          
     785   1.00000e-21                                                          
     795   1.00000e-21                                                          
     805   1.00000e-21                                                          
     815   1.00000e-21                                                          
     825   1.00000e-21                                                          
     835   1.00000e-21                                                          
     845   1.00000e-21                                                          
     855   1.00000e-21                                                          
     865   1.00000e-21                                                          
     875   1.00000e-21                                                          
     885   1.00000e-21                                                          
     895   1.00000e-21                                                          
     905   1.00000e-21                                                          
     915   1.00000e-21                                                          
     925   7.86291e-07                                                          
     935   1.15240e-06                                                          
     945   1.69061e-06                                                          
     955   2.57867e-06                                                          
     965   3.75761e-06                                                          
     975   5.32107e-06                                                          
     985   7.58565e-06                                                          
     995   1.06625e-05                                                          
    1005   1.54630e-05                                                          
    1015   2.14942e-05                                                          
    1025   2.74184e-05                                                          
    1035   4.11125e-05                                                          
    1045   5.63762e-05                                                          
    1055   7.61235e-05                                                          
    1065   1.02563e-04                                                          
    1075   1.38281e-04                                                          
    1085   1.84995e-04                                                          
    1095   2.43219e-04                                                          
    1105   9.17548e-04                                                          
    1115   1.58979e-03                                                          
    1125   2.35196e-03                                                          
    1135   3.40075e-03                                                          
    1145   4.57176e-03                                                          
    1155   5.40884e-03                                                          
    1165   7.40676e-03                                                          
    1175   9.49695e-03                                                          
    1185   1.06473e-02                                                          
    1195   9.13049e-03                                                          
    1205   1.02465e-02                                                          
    1215   4.37590e-03                                                          
    1225   1.43161e-02                                                          
    1235   2.71161e-02                                                          
    1245   3.75102e-02                                                          
    1255   4.53713e-02                                                          
    1265   4.88368e-02                                                          
    1275   6.09475e-02                                                          
    1285   6.98372e-02                                                          
    1295   8.61716e-02                                                          
    1305   8.92217e-02                                                          
    1315   1.13625e-01                                                          
    1325   1.20407e-01                                                          
    1335   1.37840e-01                                                          
    1345   1.61995e-01                                                          
    1355   1.89494e-01                                                          
    1365   2.06853e-01                                                          
    1375   2.30095e-01                                                          
    1385   2.61173e-01                                                          
    1395   2.98599e-01                                                          
    1405   3.59740e-01                                                          
    1415   4.14284e-01                                                          
    1425   4.80418e-01                                                          
    1435   5.66221e-01                                                          
    1442   7.16666e-01                                                          
    1447   6.73063e-01                                                          
    1455   7.82199e-01                                                          
    1465   9.87898e-01                                                          
    1475   1.13919e+00                                                          
    1485   1.24864e+00                                                          
    1495   1.58085e+00                                                          
    1505   1.91701e+00                                                          
    1512   1.58001e+00                                                          
    1517   1.93990e+00                                                          
    1525   4.20535e+00                                                          
    1535   6.80703e+00                                                          
    1545   5.76219e+00                                                          
    1555   9.34133e+00                                                          
    1565   8.87324e+00                                                          
    1575   1.61639e+01                                                          
    1585   1.97860e+01                                                          
    1595   2.31371e+01                                                          
    1605   2.49226e+01                                                          
    1615   2.74314e+01                                                          
    1625   3.13291e+01                                                          
    1635   3.60703e+01                                                          
    1645   5.11437e+01                                                          
    1655   3.24876e+01                                                          
    1665   5.92529e+01                                                          
    1672   4.18918e+01                                                          
    1677   1.61327e+02                                                          
    1685   1.82260e+02                                                          
    1695   2.30482e+02                                                          
    1705   2.46358e+02                                                          
    1715   2.32770e+02                                                          
    1725   2.98432e+02                                                          
    1735   3.56712e+02                                                          
    1745   4.92778e+02                                                          
    1755   6.70401e+02                                                          
    1765   6.31261e+02                                                          
    1775   6.87388e+02                                                          
    1785   8.95776e+02                                                          
    1795   1.11192e+03                                                          
    1805   1.16037e+03                                                          
    1815   1.09753e+03                                                          
    1825   1.38232e+03                                                          
    1835   1.45978e+03                                                          
    1845   1.12740e+03                                                          
    1855   1.62132e+03                                                          
    1865   1.91007e+03                                                          
    1875   2.07633e+03                                                          
    1885   2.23177e+03                                                          
    1895   2.90240e+03                                                          
    1905   2.84227e+03                                                          
    1915   3.14855e+03                                                          
    1925   3.19760e+03                                                          
    1935   2.33635e+03                                                          
    1945   4.20737e+03                                                          
    1955   4.37779e+03                                                          
    1967   5.70654e+03                                                          
    1976   5.41328e+03                                                          
    1984   6.57795e+03                                                          
    1995   6.82890e+03                                                          
    2005   6.72963e+03                                                          
    2015   7.30597e+03                                                          
    2025   6.11074e+03                                                          
    2035   8.34422e+03                                                          
    2045   9.66900e+03                                                          
    2055   9.92184e+03                                                          
    2065   9.92666e+03                                                          
    2074   1.09246e+04                                                          
    2078   3.51885e+04                                                          
    2085   5.05131e+04                                                          
    2095   4.63436e+04                                                          
    2105   4.67974e+04                                                          
    2115   5.46261e+04                                                          
    2125   4.71874e+04                                                          
    2135   4.65070e+04                                                          
    2145   6.48346e+04                                                          
    2155   6.26411e+04                                                          
    2165   5.35622e+04                                                          
    2175   5.33598e+04                                                          
    2185   7.76058e+04                                                          
    2195   7.18876e+04                                                          
    2205   7.20041e+04                                                          
    2215   5.02328e+04                                                          
    2225   6.68786e+04                                                          
    2235   9.82027e+04                                                          
    2245   9.32065e+04                                                          
    2255   6.60731e+04                                                          
    2265   5.66367e+04                                                          
    2275   6.56417e+04                                                          
    2285   1.05052e+05                                                          
    2295   8.01484e+04                                                          
    2305   1.07209e+05                                                          
    2315   8.21259e+04                                                          
    2325   6.79643e+04                                                          
    2335   5.49194e+04                                                          
    2345   3.29220e+04                                                          
    2355   7.74787e+04                                                          
    2365   3.95734e+04                                                          
    2375   5.47879e+04                                                          
    2385   2.93077e+04                                                          
    2395   3.90983e+04                                                          
    2405   3.98768e+04                                                          
    2415   4.98340e+04                                                          
    2425   1.02120e+05                                                          
    2435   1.07676e+05                                                          
    2445   1.34735e+05                                                          
    2455   1.48211e+05                                                          
    2465   1.15227e+05                                                          
    2475   9.94397e+04                                                          
    2485   4.23199e+04                                                          
    2495   6.70184e+04                                                          
    2505   1.18873e+05                                                          
    2513   4.10023e+04                                                          
    2518   2.91852e+04                                                          
    2525   3.41227e+04                                                          
    2535   7.63684e+04                                                          
    2545   8.40341e+04                                                          
    2555   2.03296e+05                                                          
    2565   1.32278e+05                                                          
    2575   1.82861e+05                                                          
    2585   1.52084e+05                                                          
    2595   1.28740e+05                                                          
    2605   1.02961e+05                                                          
    2615   9.15850e+04                                                          
    2625   1.36131e+05                                                          
    2635   2.96285e+05                                                          
    2645   4.27987e+05                                                          
    2655   6.30681e+05                                                          
    2665   3.64163e+05                                                          
    2675   4.27658e+05                                                          
    2685   5.09145e+05                                                          
    2695   3.57306e+05                                                          
    2705   4.55378e+05                                                          
    2715   3.07145e+05                                                          
    2725   2.16640e+05                                                          
    2735   3.03439e+05                                                          
    2745   1.43308e+05                                                          
    2755   2.16245e+05                                                          
    2765   3.04262e+05                                                          
    2775   3.22083e+05                                                          
    2785   1.70006e+05                                                          
    2795   6.46340e+04                                                          
    2805   8.18856e+04                                                          
    2815   2.71788e+05                                                          
    2825   4.50916e+05                                                          
    2835   4.37236e+05                                                          
    2845   2.75346e+05                                                          
    2855   1.31118e+05                                                          
    2865   4.40107e+05                                                          
    2875   6.55656e+05                                                          
    2885   5.49243e+05                                                          
    2895   6.89739e+05                                                          
    2910   9.22081e+05                                                          
    2930   8.01644e+05                                                          
    2950   7.51319e+05                                                          
    2970   7.98468e+05                                                          
    2990   8.15574e+05                                                          
    3010   8.33546e+05                                                          
    3030   8.83668e+05                                                          
    3050   9.27895e+05                                                          
    3070   9.67171e+05                                                          
    3090   9.41316e+05                                                          
    3110   1.05097e+06                                                          
    3130   9.86005e+05                                                          
    3150   9.40193e+05                                                          
    3170   1.02883e+06                                                          
    3190   9.06074e+05                                                          
    3210   1.02733e+06                                                          
    3230   8.41439e+05                                                          
    3250   1.17822e+06                                                          
    3270   1.36561e+06                                                          
    3290   1.30319e+06                                                          
    3310   1.25421e+06                                                          
    3330   1.28699e+06                                                          
    3350   1.25425e+06                                                          
    3370   9.63726e+05                                                          
    3390   1.10942e+06                                                          
    3410   1.13522e+06                                                          
    3430   1.17400e+06                                                          
    3450   1.26854e+06                                                          
    3470   1.31022e+06                                                          
    3490   1.42413e+06                                                          
    3510   1.48532e+06                                                          
    3530   1.36778e+06                                                          
    3550   1.57203e+06                                                          
    3570   1.16484e+06                                                          
    3590   1.14361e+06                                                          
    3610   1.37473e+06                                                          
    3630   1.38101e+06                                                          
    3640   1.40873e+06                                                          
    3650   1.60255e+06                                                          
    3670   1.62110e+06                                                          
    3690   1.52273e+06                                                          
    3710   1.68322e+06                                                          
    3730   1.29183e+06                                                          
    3750   1.44301e+06                                                          
    3770   1.69917e+06                                                          
    3790   1.73797e+06                                                          
    3810   1.70911e+06                                                          
    3830   1.04516e+06                                                          
    3850   1.40211e+06                                                          
    3870   1.34866e+06                                                          
    3890   1.60998e+06                                                          
    3910   1.86604e+06                                                          
    3930   9.47929e+05                                                          
    3950   1.60363e+06                                                          
    3970   1.11777e+06                                                          
    3990   2.20700e+06                                                          
    4010   2.34635e+06                                                          
    4030   2.37805e+06                                                          
    4050   2.30257e+06                                                          
    4070   2.23294e+06                                                          
    4090   2.52399e+06                                                          
    4110   2.46385e+06                                                          
    4130   2.47871e+06                                                          
    4150   2.50724e+06                                                          
    4170   2.50993e+06                                                          
    4190   2.41062e+06                                                          
    4210   2.43493e+06                                                          
    4230   2.35064e+06                                                          
    4250   2.36335e+06                                                          
    4270   2.22558e+06                                                          
    4290   2.04283e+06                                                          
    4310   1.69113e+06                                                          
    4330   2.44012e+06                                                          
    4350   2.33642e+06                                                          
    4370   2.57455e+06                                                          
    4390   2.35521e+06                                                          
    4410   2.53096e+06                                                          
    4430   2.67051e+06                                                          
    4450   2.63990e+06                                                          
    4470   2.77873e+06                                                          
    4490   2.79133e+06                                                          
    4510   3.06866e+06                                                          
    4530   2.78099e+06                                                          
    4550   2.86306e+06                                                          
    4570   3.04006e+06                                                          
    4590   2.86040e+06                                                          
    4610   2.93308e+06                                                          
    4630   2.87865e+06                                                          
    4650   2.91467e+06                                                          
    4670   2.98741e+06                                                          
    4690   2.92807e+06                                                          
    4710   2.84169e+06                                                          
    4730   2.96425e+06                                                          
    4750   3.01444e+06                                                          
    4770   3.01989e+06                                                          
    4790   3.00434e+06                                                          
    4810   2.96106e+06                                                          
    4830   3.01801e+06                                                          
    4850   2.82366e+06                                                          
    4870   2.52986e+06                                                          
    4890   2.86111e+06                                                          
    4910   2.85371e+06                                                          
    4930   2.80895e+06                                                          
    4950   2.92705e+06                                                          
    4970   2.93708e+06                                                          
    4990   2.73882e+06                                                          
    5010   2.63730e+06                                                          
    5030   2.77321e+06                                                          
    5050   2.79031e+06                                                          
    5070   2.90186e+06                                                          
    5090   2.78426e+06                                                          
    5110   2.82822e+06                                                          
    5130   2.75755e+06                                                          
    5150   2.66691e+06                                                          
    5170   2.49768e+06                                                          
    5190   2.52290e+06                                                          
    5210   2.69260e+06                                                          
    5230   2.72141e+06                                                          
    5250   2.78882e+06                                                          
    5270   2.50353e+06                                                          
    5290   2.77063e+06                                                          
    5310   2.85459e+06                                                          
    5330   2.60679e+06                                                          
    5350   2.78223e+06                                                          
    5370   2.76891e+06                                                          
    5390   2.73560e+06                                                          
    5410   2.65035e+06                                                          
    5430   2.71826e+06                                                          
    5450   2.78442e+06                                                          
    5470   2.72534e+06                                                          
    5490   2.73493e+06                                                          
    5510   2.71175e+06                                                          
    5530   2.72523e+06                                                          
    5550   2.74701e+06                                                          
    5570   2.68112e+06                                                          
    5590   2.63661e+06                                                          
    5610   2.70734e+06                                                          
    5630   2.70210e+06                                                          
    5650   2.70160e+06                                                          
    5670   2.63718e+06                                                          
    5690   2.67816e+06                                                          
    5710   2.62696e+06                                                          
    5730   2.77352e+06                                                          
    5750   2.68306e+06                                                          
    5770   2.70361e+06                                                          
    5790   2.63907e+06                                                          
    5810   2.68463e+06                                                          
    5830   2.71775e+06                                                          
    5850   2.65795e+06                                                          
    5870   2.66208e+06                                                          
    5890   2.52287e+06                                                          
    5910   2.62709e+06                                                          
    5930   2.62130e+06                                                          
    5950   2.62241e+06                                                          
    5970   2.62640e+06                                                          
    5990   2.59629e+06                                                          
    6010   2.55341e+06                                                          
    6030   2.56480e+06                                                          
    6050   2.60556e+06                                                          
    6070   2.58370e+06                                                          
    6090   2.52117e+06                                                          
    6110   2.50125e+06                                                          
    6130   2.41510e+06                                                          
    6150   2.44479e+06                                                          
    6170   2.38121e+06                                                          
    6190   2.48243e+06                                                          
    6210   2.48282e+06                                                          
    6230   2.41793e+06                                                          
    6250   2.34701e+06                                                          
    6270   2.44255e+06                                                          
    6290   2.44346e+06                                                          
    6310   2.37794e+06                                                          
    6330   2.38958e+06                                                          
    6350   2.39034e+06                                                          
    6370   2.37500e+06                                                          
    6390   2.38703e+06                                                          
    6410   2.32633e+06                                                          
    6430   2.34663e+06                                                          
    6450   2.32706e+06                                                          
    6470   2.31158e+06                                                          
    6490   2.28024e+06                                                          
    6510   2.31854e+06                                                          
    6530   2.30993e+06                                                          
    6550   2.21630e+06                                                          
    6570   1.95032e+06                                                          
    6590   2.24743e+06                                                          
    6610   2.28490e+06                                                          
    6630   2.26694e+06                                                          
    6650   2.26015e+06                                                          
    6670   2.23209e+06                                                          
    6690   2.26129e+06                                                          
    6710   2.21054e+06                                                          
    6730   2.23284e+06                                                          
    6750   2.20655e+06                                                          
    6770   2.20599e+06                                                          
    6790   2.18968e+06                                                          
    6810   2.17666e+06                                                          
    6830   2.18131e+06                                                          
    6850   2.13268e+06                                                          
    6870   2.15275e+06                                                          
    6890   2.15331e+06                                                          
    6910   2.13245e+06                                                          
    6930   2.12538e+06                                                          
    6950   2.11381e+06                                                          
    6970   2.10821e+06                                                          
    6990   2.10011e+06                                                          
    7010   2.03876e+06                                                          
    7030   2.06498e+06                                                          
    7050   2.06850e+06                                                          
    7070   2.04743e+06                                                          
    7090   2.03502e+06                                                          
    7110   2.03516e+06                                                          
    7130   2.00687e+06                                                          
    7150   1.99463e+06                                                          
    7170   1.98848e+06                                                          
    7190   1.93677e+06                                                          
    7210   1.96819e+06                                                          
    7230   1.96383e+06                                                          
    7250   1.96968e+06                                                          
    7270   1.95986e+06                                                          
    7290   1.90634e+06                                                          
    7310   1.92918e+06                                                          
    7330   1.92496e+06                                                          
    7350   1.92333e+06                                                          
    7370   1.92212e+06                                                          
    7390   1.87321e+06                                                          
    7410   1.83400e+06                                                          
    7430   1.86574e+06                                                          
    7450   1.86665e+06                                                          
    7470   1.87392e+06                                                          
    7490   1.85544e+06                                                          
    7510   1.85127e+06                                                          
    7530   1.84961e+06                                                          
    7550   1.85057e+06                                                          
    7570   1.83127e+06                                                          
    7590   1.82209e+06                                                          
    7610   1.81113e+06                                                          
    7630   1.81160e+06                                                          
    7650   1.80534e+06                                                          
    7670   1.75735e+06                                                          
    7690   1.78780e+06                                                          
    7710   1.76038e+06                                                          
    7730   1.76204e+06                                                          
    7750   1.73882e+06                                                          
    7770   1.75314e+06                                                          
    7790   1.75362e+06                                                          
    7810   1.74115e+06                                                          
    7830   1.72192e+06                                                          
    7850   1.71138e+06                                                          
    7870   1.72392e+06                                                          
    7890   1.71311e+06                                                          
    7910   1.68809e+06                                                          
    7930   1.66069e+06                                                          
    7950   1.65729e+06                                                          
    7970   1.67810e+06                                                          
    7990   1.67594e+06                                                          
    8010   1.65071e+06                                                          
    8030   1.64560e+06                                                          
    8050   1.63183e+06                                                          
    8070   1.63817e+06                                                          
    8090   1.60802e+06                                                          
    8110   1.62068e+06                                                          
    8130   1.62086e+06                                                          
    8150   1.60867e+06                                                          
    8170   1.60203e+06                                                          
    8190   1.55722e+06                                                          
    8210   1.55735e+06                                                          
    8230   1.55243e+06                                                          
    8250   1.55768e+06                                                          
    8270   1.56902e+06                                                          
    8290   1.55871e+06                                                          
    8310   1.52846e+06                                                          
    8330   1.51555e+06                                                          
    8350   1.52127e+06                                                          
    8370   1.52280e+06                                                          
    8390   1.49457e+06                                                          
    8410   1.51071e+06                                                          
    8430   1.48173e+06                                                          
    8450   1.48722e+06                                                          
    8470   1.47228e+06                                                          
    8490   1.47765e+06                                                          
    8510   1.41286e+06                                                          
    8530   1.47150e+06                                                          
    8550   1.38016e+06                                                          
    8570   1.47084e+06                                                          
    8590   1.43270e+06                                                          
    8610   1.42539e+06                                                          
    8630   1.44412e+06                                                          
    8650   1.43910e+06                                                          
    8670   1.32616e+06                                                          
    8690   1.39242e+06                                                          
    8710   1.40640e+06                                                          
    8730   1.40235e+06                                                          
    8750   1.36129e+06                                                          
    8770   1.39715e+06                                                          
    8790   1.38451e+06                                                          
    8810   1.35592e+06                                                          
    8830   1.36955e+06                                                          
    8850   1.36343e+06                                                          
    8870   1.31604e+06                                                          
    8890   1.36170e+06                                                          
    8910   1.36276e+06                                                          
    8930   1.33477e+06                                                          
    8950   1.33508e+06                                                          
    8970   1.33448e+06                                                          
    8990   1.33274e+06                                                          
    9010   1.26204e+06                                                          
    9030   1.30797e+06                                                          
    9050   1.32748e+06                                                          
    9070   1.29841e+06                                                          
    9090   1.26375e+06                                                          
    9110   1.27795e+06                                                          
    9130   1.29585e+06                                                          
    9150   1.28895e+06                                                          
    9170   1.28292e+06                                                          
    9190   1.28741e+06                                                          
    9210   1.25392e+06                                                          
    9230   1.21374e+06                                                          
    9250   1.23707e+06                                                          
    9270   1.24723e+06                                                          
    9290   1.25050e+06                                                          
    9310   1.25039e+06                                                          
    9330   1.23959e+06                                                          
    9350   1.23458e+06                                                          
    9370   1.22583e+06                                                          
    9390   1.22559e+06                                                          
    9410   1.17757e+06                                                          
    9430   1.21054e+06                                                          
    9450   1.19199e+06                                                          
    9470   1.20568e+06                                                          
    9490   1.20575e+06                                                          
    9510   1.19351e+06                                                          
    9530   1.18450e+06                                                          
    9550   1.13229e+06                                                          
    9570   1.16813e+06                                                          
    9590   1.17742e+06                                                          
    9610   1.16219e+06                                                          
    9630   1.14915e+06                                                          
    9650   1.14455e+06                                                          
    9670   1.13912e+06                                                          
    9690   1.14704e+06                                                          
    9710   1.14042e+06                                                          
    9730   1.13737e+06                                                          
    9750   1.12319e+06                                                          
    9770   1.12198e+06                                                          
    9790   1.11473e+06                                                          
    9810   1.11807e+06                                                          
    9830   1.11256e+06                                                          
    9850   1.10927e+06                                                          
    9870   1.09800e+06                                                          
    9890   1.09269e+06                                                          
    9910   1.08912e+06                                                          
    9930   1.09221e+06                                                          
    9950   1.08838e+06                                                          
    9970   1.08408e+06                                                          
    9990   1.07770e+06                                                          
   10025   1.06387e+06                                                          
   10075   1.04023e+06                                                          
   10125   1.04455e+06                                                          
   10175   1.02704e+06                                                          
   10225   1.02167e+06                                                          
   10275   1.01659e+06                                                          
   10325   9.96980e+05                                                          
   10375   9.86914e+05                                                          
   10425   9.82568e+05                                                          
   10475   9.65014e+05                                                          
   10525   9.61171e+05                                                          
   10575   9.49176e+05                                                          
   10625   9.36694e+05                                                          
   10675   9.13576e+05                                                          
   10725   9.13731e+05                                                          
   10775   9.01707e+05                                                          
   10825   8.85496e+05                                                          
   10875   8.79431e+05                                                          
   10925   8.61764e+05                                                          
   10975   8.59953e+05                                                          
   11025   8.64394e+05                                                          
   11075   8.59149e+05                                                          
   11125   8.47394e+05                                                          
   11175   8.36764e+05                                                          
   11225   8.33038e+05                                                          
   11275   8.14224e+05                                                          
   11325   8.09378e+05                                                          
   11375   8.02835e+05                                                          
   11425   7.89264e+05                                                          
   11475   7.94477e+05                                                          
   11525   7.86451e+05                                                          
   11575   7.74302e+05                                                          
   11625   7.60228e+05                                                          
   11675   7.54988e+05                                                          
   11725   7.57792e+05                                                          
   11775   7.38717e+05                                                          
   11825   7.32963e+05                                                          
   11875   7.22790e+05                                                          
   11925   7.30647e+05                                                          
   11975   7.04965e+05                                                          
   12025   7.09813e+05                                                          
   12075   6.99826e+05                                                          
   12125   6.97810e+05                                                          
   12175   6.97082e+05                                                          
   12225   6.89979e+05                                                          
   12275   6.80613e+05                                                          
   12325   6.76089e+05                                                          
   12375   6.69689e+05                                                          
   12425   6.62788e+05                                                          
   12475   6.59026e+05                                                          
   12525   6.50794e+05                                                          
   12575   6.44560e+05                                                          
   12625   6.39156e+05                                                          
   12675   6.31324e+05                                                          
   12725   6.29528e+05                                                          
   12775   6.24000e+05                                                          
   12825   5.87232e+05                                                          
   12875   6.09852e+05                                                          
   12925   6.04295e+05                                                          
   12975   6.02717e+05                                                          
   13025   5.93511e+05                                                          
   13075   5.92193e+05                                                          
   13125   5.81682e+05                                                          
   13175   5.75963e+05                                                          
   13225   5.76244e+05                                                          
   13275   5.66107e+05                                                          
   13325   5.64480e+05                                                          
   13375   5.58464e+05                                                          
   13425   5.57413e+05                                                          
   13475   5.51805e+05                                                          
   13525   5.47024e+05                                                          
   13575   5.37100e+05                                                          
   13625   5.35084e+05                                                          
   13675   5.30626e+05                                                          
   13725   5.25526e+05                                                          
   13775   5.21977e+05                                                          
   13825   5.18873e+05                                                          
   13875   5.15321e+05                                                          
   13925   5.11046e+05                                                          
   13975   5.07125e+05                                                          
   14025   4.99266e+05                                                          
   14075   4.98788e+05                                                          
   14125   4.90672e+05                                                          
   14175   4.91710e+05                                                          
   14225   4.80828e+05                                                          
   14275   4.74082e+05                                                          
   14325   4.77387e+05                                                          
   14375   4.76481e+05                                                          
   14425   4.58297e+05                                                          
   14475   4.67058e+05                                                          
   14525   4.55624e+05                                                          
   14570   4.57530e+05                                                          
   14620   4.53868e+05                                                          
   14675   4.50862e+05                                                          
   14725   4.42346e+05                                                          
   14775   4.39297e+05                                                          
   14825   4.37681e+05                                                          
   14875   4.27991e+05                                                          
   14925   4.34834e+05                                                          
   14975   4.26962e+05                                                          
   15025   4.16396e+05                                                          
   15075   4.13428e+05                                                          
   15125   4.17886e+05                                                          
   15175   4.15808e+05                                                          
   15225   4.08596e+05                                                          
   15275   4.08650e+05                                                          
   15325   4.03639e+05                                                          
   15375   4.01368e+05                                                          
   15425   3.97968e+05                                                          
   15475   3.95100e+05                                                          
   15525   3.88868e+05                                                          
   15575   3.83449e+05                                                          
   15625   3.87752e+05                                                          
   15675   3.76229e+05                                                          
   15725   3.76270e+05                                                          
   15775   3.65947e+05                                                          
   15825   3.68939e+05                                                          
   15875   3.53005e+05                                                          
   15925   3.60916e+05                                                          
   15975   3.63119e+05                                                          
   16050   3.56582e+05                                                          
   16150   3.46699e+05                                                          
   16250   3.47504e+05                                                          
   16350   3.37825e+05                                                          
   16450   3.27247e+05                                                          
   16550   3.28852e+05                                                          
   16650   3.23001e+05                                                          
   16750   3.12151e+05                                                          
   16850   3.00525e+05                                                          
   16950   3.05350e+05                                                          
   17050   2.95632e+05                                                          
   17150   2.91391e+05                                                          
   17250   2.82864e+05                                                          
   17350   2.68291e+05                                                          
   17450   2.71369e+05                                                          
   17550   2.68164e+05                                                          
   17650   2.62951e+05                                                          
   17750   2.57729e+05                                                          
   17850   2.53648e+05                                                          
   17950   2.48928e+05                                                          
   18050   2.43086e+05                                                          
   18150   2.31161e+05                                                          
   18250   2.31872e+05                                                          
   18350   2.29405e+05                                                          
   18450   2.23448e+05                                                          
   18550   2.20742e+05                                                          
   18650   2.14420e+05                                                          
   18750   2.01646e+05                                                          
   18850   2.07460e+05                                                          
   18950   2.00154e+05                                                          
   19050   2.01085e+05                                                          
   19150   1.96816e+05                                                          
   19250   1.93362e+05                                                          
   19350   1.88192e+05                                                          
   19450   1.78334e+05                                                          
   19550   1.82510e+05                                                          
   19650   1.79098e+05                                                          
   19750   1.75484e+05                                                          
   19850   1.73060e+05                                                          
   19950   1.70115e+05                                                          
   20050   1.67892e+05                                                          
   20150   1.65571e+05                                                          
   20250   1.61205e+05                                                          
   20350   1.57531e+05                                                          
   20450   1.56863e+05                                                          
   20550   1.53813e+05                                                          
   20650   1.50265e+05                                                          
   20750   1.48130e+05                                                          
   20850   1.45716e+05                                                          
   20950   1.42372e+05                                                          
   21050   1.41007e+05                                                          
   21150   1.38371e+05                                                          
   21250   1.35961e+05                                                          
   21350   1.34038e+05                                                          
   21450   1.31918e+05                                                          
   21550   1.29594e+05                                                          
   21650   1.22467e+05                                                          
   21750   1.24451e+05                                                          
   21850   1.22677e+05                                                          
   21950   1.21422e+05                                                          
   22050   1.18446e+05                                                          
   22150   1.17267e+05                                                          
   22250   1.15224e+05                                                          
   22350   1.13372e+05                                                          
   22450   1.11551e+05                                                          
   22550   1.09568e+05                                                          
   22650   1.07762e+05                                                          
   22750   1.06376e+05                                                          
   22850   1.04246e+05                                                          
   22950   1.01982e+05                                                          
   23050   1.01192e+05                                                          
   23150   9.94314e+04                                                          
   23250   9.66790e+04                                                          
   23350   9.57625e+04                                                          
   23450   9.49933e+04                                                          
   23550   9.17623e+04                                                          
   23650   9.16011e+04                                                          
   23750   9.01829e+04                                                          
   23850   8.73348e+04                                                          
   23950   8.71966e+04                                                          
   24050   8.59712e+04                                                          
   24150   8.37413e+04                                                          
   24250   8.30337e+04                                                          
   24350   8.17949e+04                                                          
   24450   8.03288e+04                                                          
   24550   7.87525e+04                                                          
   24650   7.85293e+04                                                          
   24750   7.69191e+04                                                          
   24850   7.52313e+04                                                          
   24950   7.47027e+04                                                          
   25050   7.42030e+04                                                          
   25150   7.25145e+04                                                          
   25250   7.17795e+04                                                          
   25350   7.08187e+04                                                          
   25450   6.96338e+04                                                          
   25550   6.85387e+04                                                          
   25650   6.73273e+04                                                          
   25750   6.70821e+04                                                          
   25850   6.52774e+04                                                          
   25950   6.49961e+04                                                          
   26050   6.41729e+04                                                          
   26150   6.28623e+04                                                          
   26250   6.01880e+04                                                          
   26350   6.13106e+04                                                          
   26450   6.03662e+04                                                          
   26550   5.96555e+04                                                          
   26650   5.84201e+04                                                          
   26750   5.78601e+04                                                          
   26850   5.75630e+04                                                          
   26950   5.67486e+04                                                          
   27050   5.60184e+04                                                          
   27150   5.52177e+04                                                          
   27250   5.44757e+04                                                          
   27350   5.38055e+04                                                          
   27450   5.31532e+04                                                          
   27550   5.18422e+04                                                          
   27650   5.13801e+04                                                          
   27750   5.08905e+04                                                          
   27850   5.02799e+04                                                          
   27950   4.97212e+04                                                          
   28050   4.90320e+04                                                          
   28150   4.84179e+04                                                          
   28250   4.77467e+04                                                          
   28350   4.72060e+04                                                          
   28450   4.64303e+04                                                          
   28550   4.59085e+04                                                          
   28650   4.51941e+04                                                          
   28750   4.40751e+04                                                          
   28850   4.41014e+04                                                          
   28950   4.36070e+04                                                          
   29050   4.30458e+04                                                          
   29150   4.24814e+04                                                          
   29250   4.18354e+04                                                          
   29350   4.14242e+04                                                          
   29450   4.07935e+04                                                          
   29550   4.03654e+04                                                          
   29650   3.98876e+04                                                          
   29750   3.93720e+04                                                          
   29850   3.88825e+04                                                          
   29950   3.83292e+04                                                          
   30050   3.78647e+04                                                          
   30150   3.74464e+04                                                          
   30250   3.69372e+04                                                          
   30350   3.59143e+04                                                          
   30450   3.58586e+04                                                          
   30550   3.55793e+04                                                          
   30650   3.51011e+04                                                          
   30750   3.47705e+04                                                          
   30850   3.42506e+04                                                          
   30950   3.38568e+04                                                          
   31050   3.35172e+04                                                          
   31150   3.28661e+04                                                          
   31250   3.26622e+04                                                          
   31350   3.23115e+04                                                          
   31450   3.19208e+04                                                          
   31550   3.14333e+04                                                          
   31650   3.11296e+04                                                          
   31750   3.07625e+04                                                          
   31850   3.04160e+04                                                          
   31950   3.00978e+04                                                          
   32100   2.95088e+04                                                          
   32300   2.88583e+04                                                          
   32500   2.81659e+04                                                          
   32700   2.75028e+04                                                          
   32900   2.65545e+04                                                          
   33100   2.62105e+04                                                          
   33300   2.56101e+04                                                          
   33500   2.50979e+04                                                          
   33700   2.44978e+04                                                          
   33900   2.39164e+04                                                          
   34100   2.33572e+04                                                          
   34300   2.29327e+04                                                          
   34500   2.24651e+04                                                          
   34700   2.19549e+04                                                          
   34900   2.14845e+04                                                          
   35100   2.10330e+04                                                          
   35300   2.05432e+04                                                          
   35500   2.01335e+04                                                          
   35700   1.96771e+04                                                          
   35900   1.92621e+04                                                          
   36100   1.88984e+04                                                          
   36300   1.85032e+04                                                          
   36500   1.80589e+04                                                          
   36700   1.76765e+04                                                          
   36900   1.72230e+04                                                          
   37100   1.68679e+04                                                          
   37300   1.65392e+04                                                          
   37500   1.60290e+04                                                          
   37700   1.59277e+04                                                          
   37900   1.55981e+04                                                          
   38100   1.53100e+04                                                          
   38300   1.50378e+04                                                          
   38500   1.47581e+04                                                          
   38700   1.44331e+04                                                          
   38900   1.41527e+04                                                          
   39100   1.38898e+04                                                          
   39300   1.36378e+04                                                          
   39500   1.33294e+04                                                          
   39700   1.30981e+04                                                          
   39900   1.27780e+04                                                          
   40100   1.25614e+04                                                          
   40300   1.23602e+04                                                          
   40500   1.19943e+04                                                          
   40700   1.18933e+04                                                          
   40900   1.16762e+04                                                          
   41100   1.14755e+04                                                          
   41300   1.12747e+04                                                          
   41500   1.10423e+04                                                          
   41700   1.08263e+04                                                          
   41900   1.06385e+04                                                          
   42100   1.04071e+04                                                          
   42300   1.02875e+04                                                          
   42500   1.00727e+04                                                          
   42700   9.91213e+03                                                          
   42900   9.57233e+03                                                          
   43100   9.30165e+03                                                          
   43300   9.20633e+03                                                          
   43500   8.85570e+03                                                          
   43700   8.67310e+03                                                          
   43900   8.58617e+03                                                          
   44100   8.24703e+03                                                          
   44300   8.18739e+03                                                          
   44500   8.06855e+03                                                          
   44700   7.77145e+03                                                          
   44900   7.75412e+03                                                          
   45100   7.61121e+03                                                          
   45300   7.36709e+03                                                          
   45500   7.32274e+03                                                          
   45700   7.23927e+03                                                          
   45900   7.00556e+03                                                          
   46100   6.96691e+03                                                          
   46300   6.84868e+03                                                          
   46500   6.71557e+03                                                          
   46700   6.63398e+03                                                          
   46900   6.55517e+03                                                          
   47100   6.45151e+03                                                          
   47300   6.39331e+03                                                          
   47500   6.27050e+03                                                          
   47700   6.16637e+03                                                          
   47900   6.08885e+03                                                          
   48100   5.96265e+03                                                          
   48300   5.92211e+03                                                          
   48500   5.81831e+03                                                          
   48700   5.71804e+03                                                          
   48900   5.63776e+03                                                          
   49100   5.55064e+03                                                          
   49300   5.46672e+03                                                          
   49500   5.37907e+03                                                          
   49700   5.30237e+03                                                          
   49900   5.22335e+03                                                          
   50100   5.16071e+03                                                          
   50300   5.08515e+03                                                          
   50500   4.98336e+03                                                          
   50700   4.92172e+03                                                          
   50900   4.86415e+03                                                          
   51100   4.77150e+03                                                          
   51300   4.69472e+03                                                          
   51500   4.63843e+03                                                          
   51700   4.59768e+03                                                          
   51900   4.50889e+03                                                          
   52100   4.44209e+03                                                          
   52300   4.37416e+03                                                          
   52500   4.32671e+03                                                          
   52700   4.27667e+03                                                          
   52900   4.18962e+03                                                          
   53100   4.14273e+03                                                          
   53300   4.08253e+03                                                          
   53500   4.03136e+03                                                          
   53700   3.97474e+03                                                          
   53900   3.92168e+03                                                          
   54100   3.86746e+03                                                          
   54300   3.79595e+03                                                          
   54500   3.76177e+03                                                          
   54700   3.70597e+03                                                          
   54900   3.65352e+03                                                          
   55100   3.61022e+03                                                          
   55300   3.57395e+03                                                          
   55500   3.50495e+03                                                          
   55700   3.47805e+03                                                          
   55900   3.41583e+03                                                          
   56100   3.37399e+03                                                          
   56300   3.32547e+03                                                          
   56500   3.29502e+03                                                          
   56700   3.25122e+03                                                          
   56900   3.19596e+03                                                          
   57100   3.16622e+03                                                          
   57300   3.12330e+03                                                          
   57500   3.08239e+03                                                          
   57700   3.04024e+03                                                          
   57900   3.00461e+03                                                          
   58100   2.96168e+03                                                          
   58300   2.92598e+03                                                          
   58500   2.89129e+03                                                          
   58700   2.84695e+03                                                          
   58900   2.80756e+03                                                          
   59100   2.76851e+03                                                          
   59300   2.74437e+03                                                          
   59500   2.70333e+03                                                          
   59700   2.67700e+03                                                          
   59900   2.64291e+03                                                          
   60100   2.60922e+03                                                          
   60300   2.57733e+03                                                          
   60500   2.54334e+03                                                          
   60700   2.51034e+03                                                          
   60900   2.47871e+03                                                          
   61100   2.44379e+03                                                          
   61300   2.41890e+03                                                          
   61500   2.39022e+03                                                          
   61700   2.36130e+03                                                          
   61900   2.33342e+03                                                          
   62100   2.30505e+03                                                          
   62300   2.27068e+03                                                          
   62500   2.24478e+03                                                          
   62700   2.21819e+03                                                          
   62900   2.19287e+03                                                          
   63100   2.16278e+03                                                          
   63300   2.14184e+03                                                          
   63500   2.11421e+03                                                          
   63700   2.08984e+03                                                          
   63900   2.06342e+03                                                          
   64200   2.02722e+03                                                          
   64600   1.97765e+03                                                          
   65000   1.93059e+03                                                          
   65400   1.88667e+03                                                          
   65800   1.84325e+03                                                          
   66200   1.79942e+03                                                          
   66600   1.75865e+03                                                          
   67000   1.71768e+03                                                          
   67400   1.67742e+03                                                          
   67800   1.64011e+03                                                          
   68200   1.60262e+03                                                          
   68600   1.56673e+03                                                          
   69000   1.53147e+03                                                          
   69400   1.49686e+03                                                          
   69800   1.46434e+03                                                          
   70200   1.43065e+03                                                          
   70600   1.40026e+03                                                          
   71000   1.36983e+03                                                          
   71400   1.34015e+03                                                          
   71800   1.31109e+03                                                          
   72200   1.28262e+03                                                          
   72600   1.25492e+03                                                          
   73000   1.22887e+03                                                          
   73400   1.20218e+03                                                          
   73800   1.17741e+03                                                          
   74200   1.15196e+03                                                          
   74600   1.12449e+03                                                          
   75000   1.10247e+03                                                          
   75400   1.08158e+03                                                          
   75800   1.06022e+03                                                          
   76200   1.03842e+03                                                          
   76600   1.01751e+03                                                          
   77000   9.96470e+02                                                          
   77400   9.76789e+02                                                          
   77800   9.57321e+02                                                          
   78200   9.38238e+02                                                          
   78600   9.19648e+02                                                          
   79000   9.01501e+02                                                          
   79400   8.83691e+02                                                          
   79800   8.66568e+02                                                          
   80200   8.49351e+02                                                          
   80600   8.32820e+02                                                          
   81000   8.17176e+02                                                          
   81400   8.00984e+02                                                          
   81800   7.85965e+02                                                          
   82200   7.71306e+02                                                          
   82600   7.56595e+02                                                          
   83000   7.42479e+02                                                          
   83400   7.28151e+02                                                          
   83800   7.14778e+02                                                          
   84200   7.01761e+02                                                          
   84600   6.88774e+02                                                          
   85000   6.76133e+02                                                          
   85400   6.63714e+02                                                          
   85800   6.51708e+02                                                          
   86200   6.39799e+02                                                          
   86600   6.28354e+02                                                          
   87000   6.17108e+02                                                          
   87400   6.06025e+02                                                          
   87800   5.95242e+02                                                          
   88200   5.84429e+02                                                          
   88600   5.74199e+02                                                          
   89000   5.63978e+02                                                          
   89400   5.54321e+02                                                          
   89800   5.44368e+02                                                          
   90200   5.35173e+02                                                          
   90600   5.26133e+02                                                          
   91000   5.16696e+02                                                          
   91400   5.07977e+02                                                          
   91800   4.99491e+02                                                          
   92200   4.91103e+02                                                          
   92600   4.82758e+02                                                          
   93000   4.74677e+02                                                          
   93400   4.66647e+02                                                          
   93800   4.58900e+02                                                          
   94200   4.51268e+02                                                          
   94600   4.43788e+02                                                          
   95000   4.36458e+02                                                          
   95400   4.29235e+02                                                          
   95800   4.22326e+02                                                          
   96200   4.15336e+02                                                          
   96600   4.08703e+02                                                          
   97000   4.02115e+02                                                          
   97400   3.95318e+02                                                          
   97800   3.89169e+02                                                          
   98200   3.83033e+02                                                          
   98600   3.76984e+02                                                          
   99000   3.71056e+02                                                          
   99400   3.65102e+02                                                          
   99800   3.59400e+02                                                          
  100200   3.53778e+02                                                          
  200000   2.28634e+01                                                          
  400000   1.43368e+00                                                          
  600000   2.81688e-01                                                          
  800000   8.85831e-02                                                          
 1000000   3.60734e-02                                                          
 1200000   1.73047e-02                                                          
 1400000   9.29601e-03                                                          
 1600000   5.42531e-03                                                          
