      91   1.00000e-21
      94   1.00000e-21                                                          
      96   1.00000e-21                                                          
      98   1.00000e-21                                                          
     100   1.00000e-21                                                          
     102   1.00000e-21                                                          
     104   1.00000e-21                                                          
     106   1.00000e-21                                                          
     108   1.00000e-21                                                          
     110   1.00000e-21                                                          
     114   1.00000e-21                                                          
     118   1.00000e-21                                                          
     121   1.00000e-21                                                          
     125   1.00000e-21                                                          
     127   1.00000e-21                                                          
     128   1.00000e-21                                                          
     130   1.00000e-21                                                          
     132   1.00000e-21                                                          
     134   1.00000e-21                                                          
     137   1.00000e-21                                                          
     140   1.00000e-21                                                          
     143   1.00000e-21                                                          
     147   1.00000e-21                                                          
     151   1.00000e-21                                                          
     155   1.00000e-21                                                          
     159   1.00000e-21                                                          
     162   1.00000e-21                                                          
     166   1.00000e-21                                                          
     170   1.00000e-21                                                          
     173   1.00000e-21                                                          
     177   1.00000e-21                                                          
     180   1.00000e-21                                                          
     182   1.00000e-21                                                          
     186   1.00000e-21                                                          
     191   1.00000e-21                                                          
     194   1.00000e-21                                                          
     198   1.00000e-21                                                          
     202   1.00000e-21                                                          
     205   1.00000e-21                                                          
     210   1.00000e-21                                                          
     216   1.00000e-21                                                          
     220   1.00000e-21                                                          
     223   1.00000e-21                                                          
     227   1.00000e-21                                                          
     230   1.00000e-21                                                          
     234   1.00000e-21                                                          
     240   1.00000e-21                                                          
     246   1.00000e-21                                                          
     252   1.00000e-21                                                          
     257   1.00000e-21                                                          
     260   1.00000e-21                                                          
     264   1.00000e-21                                                          
     268   1.00000e-21                                                          
     274   1.00000e-21                                                          
     278   1.00000e-21                                                          
     284   1.00000e-21                                                          
     290   1.00000e-21                                                          
     296   1.00000e-21                                                          
     301   1.00000e-21                                                          
     308   1.00000e-21                                                          
     318   1.00000e-21                                                          
     328   1.00000e-21                                                          
     338   1.00000e-21                                                          
     348   1.00000e-21                                                          
     357   1.00000e-21                                                          
     366   1.00000e-21                                                          
     375   1.00000e-21                                                          
     385   1.00000e-21                                                          
     395   1.00000e-21                                                          
     405   1.00000e-21                                                          
     414   1.00000e-21                                                          
     422   1.00000e-21                                                          
     430   1.00000e-21                                                          
     441   1.00000e-21                                                          
     451   1.00000e-21                                                          
     460   1.00000e-21                                                          
     470   1.00000e-21                                                          
     480   1.00000e-21                                                          
     490   1.00000e-21                                                          
     500   1.00000e-21                                                          
     506   1.00000e-21                                                          
     512   1.00000e-21                                                          
     520   1.00000e-21                                                          
     530   1.00000e-21                                                          
     540   1.00000e-21                                                          
     550   1.00000e-21                                                          
     560   1.00000e-21                                                          
     570   1.00000e-21                                                          
     580   1.00000e-21                                                          
     590   1.00000e-21                                                          
     600   1.00000e-21                                                          
     610   1.00000e-21                                                          
     620   1.00000e-21                                                          
     630   1.00000e-21                                                          
     640   1.00000e-21                                                          
     650   1.00000e-21                                                          
     658   1.00000e-21                                                          
     665   1.00000e-21                                                          
     675   1.00000e-21                                                          
     685   1.00000e-21                                                          
     695   1.00000e-21                                                          
     705   1.00000e-21                                                          
     716   1.00000e-21                                                          
     726   1.00000e-21                                                          
     735   1.00000e-21                                                          
     745   1.00000e-21                                                          
     755   1.00000e-21                                                          
     765   1.00000e-21                                                          
     775   1.00000e-21                                                          
     785   1.00000e-21                                                          
     795   1.00000e-21                                                          
     805   1.00000e-21                                                          
     815   1.00000e-21                                                          
     825   1.00000e-21                                                          
     835   1.00000e-21                                                          
     845   1.00000e-21                                                          
     855   1.00000e-21                                                          
     865   1.00000e-21                                                          
     875   1.00000e-21                                                          
     885   1.00000e-21                                                          
     895   1.00000e-21                                                          
     905   1.00000e-21                                                          
     915   1.00000e-21                                                          
     925   2.16001e-04                                                          
     935   3.02239e-04                                                          
     945   4.19778e-04                                                          
     955   6.01199e-04                                                          
     965   8.24163e-04                                                          
     975   1.11916e-03                                                          
     985   1.51308e-03                                                          
     995   2.02812e-03                                                          
    1005   2.76016e-03                                                          
    1015   3.65935e-03                                                          
    1025   4.55756e-03                                                          
    1035   6.32147e-03                                                          
    1045   8.23993e-03                                                          
    1055   1.06787e-02                                                          
    1065   1.37486e-02                                                          
    1075   1.76510e-02                                                          
    1085   2.25334e-02                                                          
    1095   2.85785e-02                                                          
    1105   1.09730e-01                                                          
    1115   2.15580e-01                                                          
    1125   3.15487e-01                                                          
    1135   4.31635e-01                                                          
    1145   5.63114e-01                                                          
    1155   6.25103e-01                                                          
    1165   8.47965e-01                                                          
    1175   1.03968e+00                                                          
    1185   1.06396e+00                                                          
    1195   7.03576e-01                                                          
    1205   7.30556e-01                                                          
    1215   3.41005e-01                                                          
    1225   9.69725e-01                                                          
    1235   2.17140e+00                                                          
    1245   4.78484e+00                                                          
    1255   7.06707e+00                                                          
    1265   7.20412e+00                                                          
    1275   1.02285e+01                                                          
    1285   1.33735e+01                                                          
    1295   1.61760e+01                                                          
    1305   1.54735e+01                                                          
    1315   2.16807e+01                                                          
    1325   2.44448e+01                                                          
    1335   2.76952e+01                                                          
    1345   3.27020e+01                                                          
    1355   3.59158e+01                                                          
    1365   3.97738e+01                                                          
    1375   4.25286e+01                                                          
    1385   4.59357e+01                                                          
    1395   5.19716e+01                                                          
    1405   6.02414e+01                                                          
    1415   6.56056e+01                                                          
    1425   7.25836e+01                                                          
    1435   8.05144e+01                                                          
    1442   1.00357e+02                                                          
    1447   9.52551e+01                                                          
    1455   1.10224e+02                                                          
    1465   1.25386e+02                                                          
    1475   1.38099e+02                                                          
    1485   1.51858e+02                                                          
    1495   1.89681e+02                                                          
    1505   2.20168e+02                                                          
    1512   1.92332e+02                                                          
    1517   2.20743e+02                                                          
    1525   3.87529e+02                                                          
    1535   5.23696e+02                                                          
    1545   5.15432e+02                                                          
    1555   6.68265e+02                                                          
    1565   6.31893e+02                                                          
    1575   9.77271e+02                                                          
    1585   1.14460e+03                                                          
    1595   1.33600e+03                                                          
    1605   1.37670e+03                                                          
    1615   1.47851e+03                                                          
    1625   1.52209e+03                                                          
    1635   1.85104e+03                                                          
    1645   2.36229e+03                                                          
    1655   1.53562e+03                                                          
    1665   2.62779e+03                                                          
    1672   1.82008e+03                                                          
    1677   8.96330e+03                                                          
    1685   9.20107e+03                                                          
    1695   9.14542e+03                                                          
    1705   1.10965e+04                                                          
    1715   2.00573e+04                                                          
    1725   2.36128e+04                                                          
    1735   3.29516e+04                                                          
    1745   3.36107e+04                                                          
    1755   5.17430e+04                                                          
    1765   3.82579e+04                                                          
    1775   4.99974e+04                                                          
    1785   5.72670e+04                                                          
    1795   9.21590e+04                                                          
    1805   7.36244e+04                                                          
    1815   7.11044e+04                                                          
    1825   7.93824e+04                                                          
    1835   7.57987e+04                                                          
    1845   5.29935e+04                                                          
    1855   9.08101e+04                                                          
    1865   1.24743e+05                                                          
    1875   1.17419e+05                                                          
    1885   1.23797e+05                                                          
    1895   1.58816e+05                                                          
    1905   1.47637e+05                                                          
    1915   1.59152e+05                                                          
    1925   1.23084e+05                                                          
    1935   5.15382e+04                                                          
    1945   1.81754e+05                                                          
    1955   1.93096e+05                                                          
    1967   2.41236e+05                                                          
    1976   2.04532e+05                                                          
    1984   2.60967e+05                                                          
    1995   2.72686e+05                                                          
    2005   2.42195e+05                                                          
    2015   2.51466e+05                                                          
    2025   1.99754e+05                                                          
    2035   2.91596e+05                                                          
    2045   3.33282e+05                                                          
    2055   3.09886e+05                                                          
    2065   2.86503e+05                                                          
    2074   3.44936e+05                                                          
    2078   6.43729e+05                                                          
    2085   7.73641e+05                                                          
    2095   7.05509e+05                                                          
    2105   6.34791e+05                                                          
    2115   7.05633e+05                                                          
    2125   6.18622e+05                                                          
    2135   5.49229e+05                                                          
    2145   7.25936e+05                                                          
    2155   7.44803e+05                                                          
    2165   6.35015e+05                                                          
    2175   6.59963e+05                                                          
    2185   7.96855e+05                                                          
    2195   8.16940e+05                                                          
    2205   7.69838e+05                                                          
    2215   5.75922e+05                                                          
    2225   6.36957e+05                                                          
    2235   8.64060e+05                                                          
    2245   8.09578e+05                                                          
    2255   5.95290e+05                                                          
    2265   5.84155e+05                                                          
    2275   6.79054e+05                                                          
    2285   8.61454e+05                                                          
    2295   7.22390e+05                                                          
    2305   8.73022e+05                                                          
    2315   7.37305e+05                                                          
    2325   5.19455e+05                                                          
    2335   4.41576e+05                                                          
    2345   2.66110e+05                                                          
    2355   6.19864e+05                                                          
    2365   2.98848e+05                                                          
    2375   4.39583e+05                                                          
    2385   2.04209e+05                                                          
    2395   2.88920e+05                                                          
    2405   2.84097e+05                                                          
    2415   3.86096e+05                                                          
    2425   7.34067e+05                                                          
    2435   7.39578e+05                                                          
    2445   8.81059e+05                                                          
    2455   9.31218e+05                                                          
    2465   8.26915e+05                                                          
    2475   7.25713e+05                                                          
    2485   5.18974e+05                                                          
    2495   5.79857e+05                                                          
    2505   9.42209e+05                                                          
    2513   3.38018e+05                                                          
    2518   2.42772e+05                                                          
    2525   2.98080e+05                                                          
    2535   4.87190e+05                                                          
    2545   5.42041e+05                                                          
    2555   8.89032e+05                                                          
    2565   6.70557e+05                                                          
    2575   8.33860e+05                                                          
    2585   7.35521e+05                                                          
    2595   6.42731e+05                                                          
    2605   5.42311e+05                                                          
    2615   4.73409e+05                                                          
    2625   7.06733e+05                                                          
    2635   1.13233e+06                                                          
    2645   1.60235e+06                                                          
    2655   1.94905e+06                                                          
    2665   1.32735e+06                                                          
    2675   1.54970e+06                                                          
    2685   1.66227e+06                                                          
    2695   1.33477e+06                                                          
    2705   1.58063e+06                                                          
    2715   1.20810e+06                                                          
    2725   1.15044e+06                                                          
    2735   1.33798e+06                                                          
    2745   6.50096e+05                                                          
    2755   8.88126e+05                                                          
    2765   1.14292e+06                                                          
    2775   1.29132e+06                                                          
    2785   7.46228e+05                                                          
    2795   2.62014e+05                                                          
    2805   3.37589e+05                                                          
    2815   1.14647e+06                                                          
    2825   1.75564e+06                                                          
    2835   1.74477e+06                                                          
    2845   1.57326e+06                                                          
    2855   9.98628e+05                                                          
    2865   1.94188e+06                                                          
    2875   2.11366e+06                                                          
    2885   1.91591e+06                                                          
    2895   2.00786e+06                                                          
    2910   2.53072e+06                                                          
    2930   2.27768e+06                                                          
    2950   2.21948e+06                                                          
    2970   2.43507e+06                                                          
    2990   2.46431e+06                                                          
    3010   2.63947e+06                                                          
    3030   2.60147e+06                                                          
    3050   2.70153e+06                                                          
    3070   2.72294e+06                                                          
    3090   2.80071e+06                                                          
    3110   2.79630e+06                                                          
    3130   2.76545e+06                                                          
    3150   2.70615e+06                                                          
    3170   2.80076e+06                                                          
    3190   2.52841e+06                                                          
    3210   2.81402e+06                                                          
    3230   2.43629e+06                                                          
    3250   2.89708e+06                                                          
    3270   3.18642e+06                                                          
    3290   3.09971e+06                                                          
    3310   3.18386e+06                                                          
    3330   3.16076e+06                                                          
    3350   3.13734e+06                                                          
    3370   2.83149e+06                                                          
    3390   3.02388e+06                                                          
    3410   3.03162e+06                                                          
    3430   3.05172e+06                                                          
    3450   3.17683e+06                                                          
    3470   3.17209e+06                                                          
    3490   3.27426e+06                                                          
    3510   3.36894e+06                                                          
    3530   3.22771e+06                                                          
    3550   3.58766e+06                                                          
    3570   3.11956e+06                                                          
    3590   3.02461e+06                                                          
    3610   3.19693e+06                                                          
    3630   3.20758e+06                                                          
    3640   3.22618e+06                                                          
    3650   3.56767e+06                                                          
    3670   3.43977e+06                                                          
    3690   3.24925e+06                                                          
    3710   3.60289e+06                                                          
    3730   3.38068e+06                                                          
    3750   3.74619e+06                                                          
    3770   4.06766e+06                                                          
    3790   4.36604e+06                                                          
    3810   4.71941e+06                                                          
    3830   3.64135e+06                                                          
    3850   4.74709e+06                                                          
    3870   4.88070e+06                                                          
    3890   4.21228e+06                                                          
    3910   4.84622e+06                                                          
    3930   2.74099e+06                                                          
    3950   4.20303e+06                                                          
    3970   2.93985e+06                                                          
    3990   5.16770e+06                                                          
    4010   5.46148e+06                                                          
    4030   5.52931e+06                                                          
    4050   5.42264e+06                                                          
    4070   5.35739e+06                                                          
    4090   5.42197e+06                                                          
    4110   4.92756e+06                                                          
    4130   5.56211e+06                                                          
    4150   5.73645e+06                                                          
    4170   5.66735e+06                                                          
    4190   5.61058e+06                                                          
    4210   5.58642e+06                                                          
    4230   5.42019e+06                                                          
    4250   5.51469e+06                                                          
    4270   5.35055e+06                                                          
    4290   5.13215e+06                                                          
    4310   4.64198e+06                                                          
    4330   5.19159e+06                                                          
    4350   4.80619e+06                                                          
    4370   5.66960e+06                                                          
    4390   5.43071e+06                                                          
    4410   5.50926e+06                                                          
    4430   5.52684e+06                                                          
    4450   5.50022e+06                                                          
    4470   5.62534e+06                                                          
    4490   5.59211e+06                                                          
    4510   5.94512e+06                                                          
    4530   5.53581e+06                                                          
    4550   5.60037e+06                                                          
    4570   5.87329e+06                                                          
    4590   5.57883e+06                                                          
    4610   5.69564e+06                                                          
    4630   5.57874e+06                                                          
    4650   5.63855e+06                                                          
    4670   5.72068e+06                                                          
    4690   5.58585e+06                                                          
    4710   5.39273e+06                                                          
    4730   5.62845e+06                                                          
    4750   5.65982e+06                                                          
    4770   5.62141e+06                                                          
    4790   5.58816e+06                                                          
    4810   5.53245e+06                                                          
    4830   5.54122e+06                                                          
    4850   5.06284e+06                                                          
    4870   4.39509e+06                                                          
    4890   5.27368e+06                                                          
    4910   5.29049e+06                                                          
    4930   5.21262e+06                                                          
    4950   5.35069e+06                                                          
    4970   5.38879e+06                                                          
    4990   5.08562e+06                                                          
    5010   4.92518e+06                                                          
    5030   5.13871e+06                                                          
    5050   5.11596e+06                                                          
    5070   5.25062e+06                                                          
    5090   5.12010e+06                                                          
    5110   5.16277e+06                                                          
    5130   5.04285e+06                                                          
    5150   4.92011e+06                                                          
    5170   4.78342e+06                                                          
    5190   4.75063e+06                                                          
    5210   4.86973e+06                                                          
    5230   4.90621e+06                                                          
    5250   4.97941e+06                                                          
    5270   4.60058e+06                                                          
    5290   4.90996e+06                                                          
    5310   4.95598e+06                                                          
    5330   4.67699e+06                                                          
    5350   4.86916e+06                                                          
    5370   4.83587e+06                                                          
    5390   4.79179e+06                                                          
    5410   4.67039e+06                                                          
    5430   4.75318e+06                                                          
    5450   4.80839e+06                                                          
    5470   4.72720e+06                                                          
    5490   4.74216e+06                                                          
    5510   4.70937e+06                                                          
    5530   4.69223e+06                                                          
    5550   4.70636e+06                                                          
    5570   4.60653e+06                                                          
    5590   4.56633e+06                                                          
    5610   4.60585e+06                                                          
    5630   4.61366e+06                                                          
    5650   4.58744e+06                                                          
    5670   4.49993e+06                                                          
    5690   4.53576e+06                                                          
    5710   4.47499e+06                                                          
    5730   4.61218e+06                                                          
    5750   4.50398e+06                                                          
    5770   4.51424e+06                                                          
    5790   4.45127e+06                                                          
    5810   4.46863e+06                                                          
    5830   4.48072e+06                                                          
    5850   4.40633e+06                                                          
    5870   4.39758e+06                                                          
    5890   4.26304e+06                                                          
    5910   4.34478e+06                                                          
    5930   4.31996e+06                                                          
    5950   4.31298e+06                                                          
    5970   4.29355e+06                                                          
    5990   4.25323e+06                                                          
    6010   4.19642e+06                                                          
    6030   4.18743e+06                                                          
    6050   4.22040e+06                                                          
    6070   4.19556e+06                                                          
    6090   4.12731e+06                                                          
    6110   4.08781e+06                                                          
    6130   3.97980e+06                                                          
    6150   3.97710e+06                                                          
    6170   3.92868e+06                                                          
    6190   4.02570e+06                                                          
    6210   4.00976e+06                                                          
    6230   3.94081e+06                                                          
    6250   3.82169e+06                                                          
    6270   3.94651e+06                                                          
    6290   3.93266e+06                                                          
    6310   3.84061e+06                                                          
    6330   3.84571e+06                                                          
    6350   3.83134e+06                                                          
    6370   3.80702e+06                                                          
    6390   3.81230e+06                                                          
    6410   3.72697e+06                                                          
    6430   3.73833e+06                                                          
    6450   3.70596e+06                                                          
    6470   3.68939e+06                                                          
    6490   3.63309e+06                                                          
    6510   3.65890e+06                                                          
    6530   3.62246e+06                                                          
    6550   3.38655e+06                                                          
    6570   2.84257e+06                                                          
    6590   3.49854e+06                                                          
    6610   3.57538e+06                                                          
    6630   3.56475e+06                                                          
    6650   3.54823e+06                                                          
    6670   3.51161e+06                                                          
    6690   3.53057e+06                                                          
    6710   3.48346e+06                                                          
    6730   3.48529e+06                                                          
    6750   3.44650e+06                                                          
    6770   3.44344e+06                                                          
    6790   3.41772e+06                                                          
    6810   3.39483e+06                                                          
    6830   3.38346e+06                                                          
    6850   3.33409e+06                                                          
    6870   3.34392e+06                                                          
    6890   3.33338e+06                                                          
    6910   3.30582e+06                                                          
    6930   3.29151e+06                                                          
    6950   3.27384e+06                                                          
    6970   3.25458e+06                                                          
    6990   3.24261e+06                                                          
    7010   3.16923e+06                                                          
    7030   3.18713e+06                                                          
    7050   3.18235e+06                                                          
    7070   3.15909e+06                                                          
    7090   3.13771e+06                                                          
    7110   3.10087e+06                                                          
    7130   3.08468e+06                                                          
    7150   3.06956e+06                                                          
    7170   3.04756e+06                                                          
    7190   3.00117e+06                                                          
    7210   3.01637e+06                                                          
    7230   2.99833e+06                                                          
    7250   2.99710e+06                                                          
    7270   2.98517e+06                                                          
    7290   2.92616e+06                                                          
    7310   2.93621e+06                                                          
    7330   2.92489e+06                                                          
    7350   2.92165e+06                                                          
    7370   2.91089e+06                                                          
    7390   2.85388e+06                                                          
    7410   2.80158e+06                                                          
    7430   2.82410e+06                                                          
    7450   2.82084e+06                                                          
    7470   2.81564e+06                                                          
    7490   2.79207e+06                                                          
    7510   2.78403e+06                                                          
    7530   2.77602e+06                                                          
    7550   2.77438e+06                                                          
    7570   2.74656e+06                                                          
    7590   2.73085e+06                                                          
    7610   2.71320e+06                                                          
    7630   2.70724e+06                                                          
    7650   2.68941e+06                                                          
    7670   2.63566e+06                                                          
    7690   2.65644e+06                                                          
    7710   2.62452e+06                                                          
    7730   2.62761e+06                                                          
    7750   2.59410e+06                                                          
    7770   2.57401e+06                                                          
    7790   2.59756e+06                                                          
    7810   2.57720e+06                                                          
    7830   2.54821e+06                                                          
    7850   2.52804e+06                                                          
    7870   2.53689e+06                                                          
    7890   2.52289e+06                                                          
    7910   2.49884e+06                                                          
    7930   2.46070e+06                                                          
    7950   2.45744e+06                                                          
    7970   2.47250e+06                                                          
    7990   2.45863e+06                                                          
    8010   2.43011e+06                                                          
    8030   2.42007e+06                                                          
    8050   2.40139e+06                                                          
    8070   2.40368e+06                                                          
    8090   2.37184e+06                                                          
    8110   2.38021e+06                                                          
    8130   2.37378e+06                                                          
    8150   2.35655e+06                                                          
    8170   2.34341e+06                                                          
    8190   2.28424e+06                                                          
    8210   2.28540e+06                                                          
    8230   2.27271e+06                                                          
    8250   2.26964e+06                                                          
    8270   2.28269e+06                                                          
    8290   2.26715e+06                                                          
    8310   2.23472e+06                                                          
    8330   2.20378e+06                                                          
    8350   2.21474e+06                                                          
    8370   2.20930e+06                                                          
    8390   2.17595e+06                                                          
    8410   2.18105e+06                                                          
    8430   2.15232e+06                                                          
    8450   2.13357e+06                                                          
    8470   2.11515e+06                                                          
    8490   2.12500e+06                                                          
    8510   2.02494e+06                                                          
    8530   2.12077e+06                                                          
    8550   1.95781e+06                                                          
    8570   2.12061e+06                                                          
    8590   2.04769e+06                                                          
    8610   2.02525e+06                                                          
    8630   2.08591e+06                                                          
    8650   2.06089e+06                                                          
    8670   1.85454e+06                                                          
    8690   2.00878e+06                                                          
    8710   2.03718e+06                                                          
    8730   2.01700e+06                                                          
    8750   1.88280e+06                                                          
    8770   1.99350e+06                                                          
    8790   2.00027e+06                                                          
    8810   1.97374e+06                                                          
    8830   1.96589e+06                                                          
    8850   1.92654e+06                                                          
    8870   1.80614e+06                                                          
    8890   1.94445e+06                                                          
    8910   1.94570e+06                                                          
    8930   1.91910e+06                                                          
    8950   1.92355e+06                                                          
    8970   1.91439e+06                                                          
    8990   1.89980e+06                                                          
    9010   1.73346e+06                                                          
    9030   1.82918e+06                                                          
    9050   1.88406e+06                                                          
    9070   1.84078e+06                                                          
    9090   1.79843e+06                                                          
    9110   1.82739e+06                                                          
    9130   1.84687e+06                                                          
    9150   1.83967e+06                                                          
    9170   1.82680e+06                                                          
    9190   1.81971e+06                                                          
    9210   1.76700e+06                                                          
    9230   1.61029e+06                                                          
    9250   1.73185e+06                                                          
    9270   1.75495e+06                                                          
    9290   1.77366e+06                                                          
    9310   1.76951e+06                                                          
    9330   1.75532e+06                                                          
    9350   1.74740e+06                                                          
    9370   1.74077e+06                                                          
    9390   1.73051e+06                                                          
    9410   1.66262e+06                                                          
    9430   1.70372e+06                                                          
    9450   1.68859e+06                                                          
    9470   1.69778e+06                                                          
    9490   1.69290e+06                                                          
    9510   1.67279e+06                                                          
    9530   1.64175e+06                                                          
    9550   1.48853e+06                                                          
    9570   1.62661e+06                                                          
    9590   1.64395e+06                                                          
    9610   1.62517e+06                                                          
    9630   1.60537e+06                                                          
    9650   1.60980e+06                                                          
    9670   1.59314e+06                                                          
    9690   1.59755e+06                                                          
    9710   1.59912e+06                                                          
    9730   1.59179e+06                                                          
    9750   1.56938e+06                                                          
    9770   1.57100e+06                                                          
    9790   1.56321e+06                                                          
    9810   1.55796e+06                                                          
    9830   1.55076e+06                                                          
    9850   1.53965e+06                                                          
    9870   1.52738e+06                                                          
    9890   1.51741e+06                                                          
    9910   1.51056e+06                                                          
    9930   1.51190e+06                                                          
    9950   1.50631e+06                                                          
    9970   1.50016e+06                                                          
    9990   1.49079e+06                                                          
   10025   1.44854e+06                                                          
   10075   1.40053e+06                                                          
   10125   1.43528e+06                                                          
   10175   1.41715e+06                                                          
   10225   1.40699e+06                                                          
   10275   1.39561e+06                                                          
   10325   1.36952e+06                                                          
   10375   1.35602e+06                                                          
   10425   1.34282e+06                                                          
   10475   1.31463e+06                                                          
   10525   1.30693e+06                                                          
   10575   1.29235e+06                                                          
   10625   1.27384e+06                                                          
   10675   1.23710e+06                                                          
   10725   1.23727e+06                                                          
   10775   1.22261e+06                                                          
   10825   1.20356e+06                                                          
   10875   1.18989e+06                                                          
   10925   1.11823e+06                                                          
   10975   1.14829e+06                                                          
   11025   1.16237e+06                                                          
   11075   1.15326e+06                                                          
   11125   1.13604e+06                                                          
   11175   1.12138e+06                                                          
   11225   1.11370e+06                                                          
   11275   1.08413e+06                                                          
   11325   1.07495e+06                                                          
   11375   1.06979e+06                                                          
   11425   1.04933e+06                                                          
   11475   1.05350e+06                                                          
   11525   1.04176e+06                                                          
   11575   1.02633e+06                                                          
   11625   1.00386e+06                                                          
   11675   9.91232e+05                                                          
   11725   9.96927e+05                                                          
   11775   9.67029e+05                                                          
   11825   9.62556e+05                                                          
   11875   9.46644e+05                                                          
   11925   9.55841e+05                                                          
   11975   9.26802e+05                                                          
   12025   9.28150e+05                                                          
   12075   9.14476e+05                                                          
   12125   9.08744e+05                                                          
   12175   9.04531e+05                                                          
   12225   8.93857e+05                                                          
   12275   8.81735e+05                                                          
   12325   8.73491e+05                                                          
   12375   8.64802e+05                                                          
   12425   8.56069e+05                                                          
   12475   8.47988e+05                                                          
   12525   8.36798e+05                                                          
   12575   8.25227e+05                                                          
   12625   8.18327e+05                                                          
   12675   8.09869e+05                                                          
   12725   8.03887e+05                                                          
   12775   7.88936e+05                                                          
   12825   7.18078e+05                                                          
   12875   7.72460e+05                                                          
   12925   7.68864e+05                                                          
   12975   7.64018e+05                                                          
   13025   7.53994e+05                                                          
   13075   7.49360e+05                                                          
   13125   7.37466e+05                                                          
   13175   7.28149e+05                                                          
   13225   7.26356e+05                                                          
   13275   7.15723e+05                                                          
   13325   7.10564e+05                                                          
   13375   7.02379e+05                                                          
   13425   6.97689e+05                                                          
   13475   6.90408e+05                                                          
   13525   6.82428e+05                                                          
   13575   6.71684e+05                                                          
   13625   6.68572e+05                                                          
   13675   6.60870e+05                                                          
   13725   6.49889e+05                                                          
   13775   6.46823e+05                                                          
   13825   6.41525e+05                                                          
   13875   6.37907e+05                                                          
   13925   6.29314e+05                                                          
   13975   6.24082e+05                                                          
   14025   6.15922e+05                                                          
   14075   6.12582e+05                                                          
   14125   6.03024e+05                                                          
   14175   6.01045e+05                                                          
   14225   5.89692e+05                                                          
   14275   5.82291e+05                                                          
   14325   5.82224e+05                                                          
   14375   5.79144e+05                                                          
   14425   5.57173e+05                                                          
   14475   5.66414e+05                                                          
   14525   5.52324e+05                                                          
   14570   5.54081e+05                                                          
   14620   5.47930e+05                                                          
   14675   5.44009e+05                                                          
   14725   5.34685e+05                                                          
   14775   5.28737e+05                                                          
   14825   5.26235e+05                                                          
   14875   5.16233e+05                                                          
   14925   5.20262e+05                                                          
   14975   5.11398e+05                                                          
   15025   5.02322e+05                                                          
   15075   4.96130e+05                                                          
   15125   4.97442e+05                                                          
   15175   4.93263e+05                                                          
   15225   4.85176e+05                                                          
   15275   4.82709e+05                                                          
   15325   4.76246e+05                                                          
   15375   4.72879e+05                                                          
   15425   4.65398e+05                                                          
   15475   4.63608e+05                                                          
   15525   4.57825e+05                                                          
   15575   4.48934e+05                                                          
   15625   4.54823e+05                                                          
   15675   4.41213e+05                                                          
   15725   4.36074e+05                                                          
   15775   4.33950e+05                                                          
   15825   4.33506e+05                                                          
   15875   4.10429e+05                                                          
   15925   4.22755e+05                                                          
   15975   4.26259e+05                                                          
   16050   4.15376e+05                                                          
   16150   3.99370e+05                                                          
   16250   4.05473e+05                                                          
   16350   3.90592e+05                                                          
   16450   3.73831e+05                                                          
   16550   3.82072e+05                                                          
   16650   3.75056e+05                                                          
   16750   3.59577e+05                                                          
   16850   3.42038e+05                                                          
   16950   3.53228e+05                                                          
   17050   3.43681e+05                                                          
   17150   3.38527e+05                                                          
   17250   3.27786e+05                                                          
   17350   3.02893e+05                                                          
   17450   3.12790e+05                                                          
   17550   3.10446e+05                                                          
   17650   3.04213e+05                                                          
   17750   2.98789e+05                                                          
   17850   2.93287e+05                                                          
   17950   2.88364e+05                                                          
   18050   2.80805e+05                                                          
   18150   2.60469e+05                                                          
   18250   2.66537e+05                                                          
   18350   2.65541e+05                                                          
   18450   2.59680e+05                                                          
   18550   2.55274e+05                                                          
   18650   2.48572e+05                                                          
   18750   2.27955e+05                                                          
   18850   2.39120e+05                                                          
   18950   2.32923e+05                                                          
   19050   2.32850e+05                                                          
   19150   2.28018e+05                                                          
   19250   2.23756e+05                                                          
   19350   2.17778e+05                                                          
   19450   2.01008e+05                                                          
   19550   2.10475e+05                                                          
   19650   2.07493e+05                                                          
   19750   2.03417e+05                                                          
   19850   2.00484e+05                                                          
   19950   1.96940e+05                                                          
   20050   1.93871e+05                                                          
   20150   1.90888e+05                                                          
   20250   1.86524e+05                                                          
   20350   1.82504e+05                                                          
   20450   1.80890e+05                                                          
   20550   1.77498e+05                                                          
   20650   1.73581e+05                                                          
   20750   1.70982e+05                                                          
   20850   1.68159e+05                                                          
   20950   1.64708e+05                                                          
   21050   1.62400e+05                                                          
   21150   1.59332e+05                                                          
   21250   1.56582e+05                                                          
   21350   1.54193e+05                                                          
   21450   1.51872e+05                                                          
   21550   1.48726e+05                                                          
   21650   1.37165e+05                                                          
   21750   1.42872e+05                                                          
   21850   1.41364e+05                                                          
   21950   1.39776e+05                                                          
   22050   1.36685e+05                                                          
   22150   1.34762e+05                                                          
   22250   1.32825e+05                                                          
   22350   1.30671e+05                                                          
   22450   1.28515e+05                                                          
   22550   1.25932e+05                                                          
   22650   1.24175e+05                                                          
   22750   1.22335e+05                                                          
   22850   1.20231e+05                                                          
   22950   1.18830e+05                                                          
   23050   1.17282e+05                                                          
   23150   1.15126e+05                                                          
   23250   1.13397e+05                                                          
   23350   1.11286e+05                                                          
   23450   1.09772e+05                                                          
   23550   1.07840e+05                                                          
   23650   1.06285e+05                                                          
   23750   1.04359e+05                                                          
   23850   1.02539e+05                                                          
   23950   1.01216e+05                                                          
   24050   9.95116e+04                                                          
   24150   9.79058e+04                                                          
   24250   9.64740e+04                                                          
   24350   9.47974e+04                                                          
   24450   9.35220e+04                                                          
   24550   9.17788e+04                                                          
   24650   9.07811e+04                                                          
   24750   8.92581e+04                                                          
   24850   8.77275e+04                                                          
   24950   8.63476e+04                                                          
   25050   8.60169e+04                                                          
   25150   8.44337e+04                                                          
   25250   8.26697e+04                                                          
   25350   8.18844e+04                                                          
   25450   8.08275e+04                                                          
   25550   7.93363e+04                                                          
   25650   7.73957e+04                                                          
   25750   7.73654e+04                                                          
   25850   7.59479e+04                                                          
   25950   7.52764e+04                                                          
   26050   7.38549e+04                                                          
   26150   7.17900e+04                                                          
   26250   6.76678e+04                                                          
   26350   7.06335e+04                                                          
   26450   6.98845e+04                                                          
   26550   6.90392e+04                                                          
   26650   6.75242e+04                                                          
   26750   6.57584e+04                                                          
   26850   6.61727e+04                                                          
   26950   6.55389e+04                                                          
   27050   6.46291e+04                                                          
   27150   6.37195e+04                                                          
   27250   6.28474e+04                                                          
   27350   6.20424e+04                                                          
   27450   6.11264e+04                                                          
   27550   5.87386e+04                                                          
   27650   5.88180e+04                                                          
   27750   5.86580e+04                                                          
   27850   5.79329e+04                                                          
   27950   5.72352e+04                                                          
   28050   5.64513e+04                                                          
   28150   5.57226e+04                                                          
   28250   5.49652e+04                                                          
   28350   5.42886e+04                                                          
   28450   5.34321e+04                                                          
   28550   5.27951e+04                                                          
   28650   5.16982e+04                                                          
   28750   4.95837e+04                                                          
   28850   5.05949e+04                                                          
   28950   5.01114e+04                                                          
   29050   4.94928e+04                                                          
   29150   4.87826e+04                                                          
   29250   4.81553e+04                                                          
   29350   4.76120e+04                                                          
   29450   4.69435e+04                                                          
   29550   4.64025e+04                                                          
   29650   4.58308e+04                                                          
   29750   4.52387e+04                                                          
   29850   4.46764e+04                                                          
   29950   4.40617e+04                                                          
   30050   4.35126e+04                                                          
   30150   4.29896e+04                                                          
   30250   4.23783e+04                                                          
   30350   4.04786e+04                                                          
   30450   4.07137e+04                                                          
   30550   4.08447e+04                                                          
   30650   4.03424e+04                                                          
   30750   3.99232e+04                                                          
   30850   3.93422e+04                                                          
   30950   3.88919e+04                                                          
   31050   3.84515e+04                                                          
   31150   3.77798e+04                                                          
   31250   3.74893e+04                                                          
   31350   3.70675e+04                                                          
   31450   3.66115e+04                                                          
   31550   3.61196e+04                                                          
   31650   3.57612e+04                                                          
   31750   3.53091e+04                                                          
   31850   3.49234e+04                                                          
   31950   3.45324e+04                                                          
   32100   3.38788e+04                                                          
   32300   3.31238e+04                                                          
   32500   3.23347e+04                                                          
   32700   3.15681e+04                                                          
   32900   2.99790e+04                                                          
   33100   3.00042e+04                                                          
   33300   2.94307e+04                                                          
   33500   2.88218e+04                                                          
   33700   2.81143e+04                                                          
   33900   2.74757e+04                                                          
   34100   2.68408e+04                                                          
   34300   2.63178e+04                                                          
   34500   2.57858e+04                                                          
   34700   2.51976e+04                                                          
   34900   2.46576e+04                                                          
   35100   2.41234e+04                                                          
   35300   2.35823e+04                                                          
   35500   2.30871e+04                                                          
   35700   2.25591e+04                                                          
   35900   2.21009e+04                                                          
   36100   2.16405e+04                                                          
   36300   2.12134e+04                                                          
   36500   2.06944e+04                                                          
   36700   2.02932e+04                                                          
   36900   1.97462e+04                                                          
   37100   1.93857e+04                                                          
   37300   1.88311e+04                                                          
   37500   1.82061e+04                                                          
   37700   1.82758e+04                                                          
   37900   1.79140e+04                                                          
   38100   1.75273e+04                                                          
   38300   1.72164e+04                                                          
   38500   1.69215e+04                                                          
   38700   1.65533e+04                                                          
   38900   1.62226e+04                                                          
   39100   1.58484e+04                                                          
   39300   1.56301e+04                                                          
   39500   1.53046e+04                                                          
   39700   1.50268e+04                                                          
   39900   1.46739e+04                                                          
   40100   1.43698e+04                                                          
   40300   1.41035e+04                                                          
   40500   1.35712e+04                                                          
   40700   1.36307e+04                                                          
   40900   1.33823e+04                                                          
   41100   1.31544e+04                                                          
   41300   1.29170e+04                                                          
   41500   1.26507e+04                                                          
   41700   1.23138e+04                                                          
   41900   1.21877e+04                                                          
   42100   1.19409e+04                                                          
   42300   1.17813e+04                                                          
   42500   1.15492e+04                                                          
   42700   1.13558e+04                                                          
   42900   1.11387e+04                                                          
   43100   1.09245e+04                                                          
   43300   1.07215e+04                                                          
   43500   1.05091e+04                                                          
   43700   1.01896e+04                                                          
   43900   1.01131e+04                                                          
   44100   9.92603e+03                                                          
   44300   9.77061e+03                                                          
   44500   9.60487e+03                                                          
   44700   9.42788e+03                                                          
   44900   9.27746e+03                                                          
   45100   9.11459e+03                                                          
   45300   8.95364e+03                                                          
   45500   8.81081e+03                                                          
   45700   8.66323e+03                                                          
   45900   8.50765e+03                                                          
   46100   8.38264e+03                                                          
   46300   8.23821e+03                                                          
   46500   7.90684e+03                                                          
   46700   7.83981e+03                                                          
   46900   7.84178e+03                                                          
   47100   7.72451e+03                                                          
   47300   7.60680e+03                                                          
   47500   7.47910e+03                                                          
   47700   7.35959e+03                                                          
   47900   7.24600e+03                                                          
   48100   7.12367e+03                                                          
   48300   7.01545e+03                                                          
   48500   6.89908e+03                                                          
   48700   6.79147e+03                                                          
   48900   6.68487e+03                                                          
   49100   6.57929e+03                                                          
   49300   6.47520e+03                                                          
   49500   6.37208e+03                                                          
   49700   6.27284e+03                                                          
   49900   6.18076e+03                                                          
   50100   6.08421e+03                                                          
   50300   5.99185e+03                                                          
   50500   5.89370e+03                                                          
   50700   5.80763e+03                                                          
   50900   5.72043e+03                                                          
   51100   5.62247e+03                                                          
   51300   5.44566e+03                                                          
   51500   5.46132e+03                                                          
   51700   5.38639e+03                                                          
   51900   5.30356e+03                                                          
   52100   5.22139e+03                                                          
   52300   5.14471e+03                                                          
   52500   5.07339e+03                                                          
   52700   5.00041e+03                                                          
   52900   4.92368e+03                                                          
   53100   4.85433e+03                                                          
   53300   4.78251e+03                                                          
   53500   4.71456e+03                                                          
   53700   4.64333e+03                                                          
   53900   4.57963e+03                                                          
   54100   4.51592e+03                                                          
   54300   4.44530e+03                                                          
   54500   4.38770e+03                                                          
   54700   4.31881e+03                                                          
   54900   4.26273e+03                                                          
   55100   4.20577e+03                                                          
   55300   4.14639e+03                                                          
   55500   4.08814e+03                                                          
   55700   4.03293e+03                                                          
   55900   3.96844e+03                                                          
   56100   3.92114e+03                                                          
   56300   3.86534e+03                                                          
   56500   3.81586e+03                                                          
   56700   3.76362e+03                                                          
   56900   3.71017e+03                                                          
   57100   3.66197e+03                                                          
   57300   3.61253e+03                                                          
   57500   3.56333e+03                                                          
   57700   3.51457e+03                                                          
   57900   3.46676e+03                                                          
   58100   3.42123e+03                                                          
   58300   3.37666e+03                                                          
   58500   3.33259e+03                                                          
   58700   3.28552e+03                                                          
   58900   3.23342e+03                                                          
   59100   3.14022e+03                                                          
   59300   3.15809e+03                                                          
   59500   3.11132e+03                                                          
   59700   3.07762e+03                                                          
   59900   3.03776e+03                                                          
   60100   2.99646e+03                                                          
   60300   2.96032e+03                                                          
   60500   2.92250e+03                                                          
   60700   2.88381e+03                                                          
   60900   2.84547e+03                                                          
   61100   2.80586e+03                                                          
   61300   2.77498e+03                                                          
   61500   2.74079e+03                                                          
   61700   2.70591e+03                                                          
   61900   2.67196e+03                                                          
   62100   2.63858e+03                                                          
   62300   2.60059e+03                                                          
   62500   2.57136e+03                                                          
   62700   2.53927e+03                                                          
   62900   2.50966e+03                                                          
   63100   2.47528e+03                                                          
   63300   2.44821e+03                                                          
   63500   2.41761e+03                                                          
   63700   2.38782e+03                                                          
   63900   2.35851e+03                                                          
   64200   2.31642e+03                                                          
   64600   2.25963e+03                                                          
   65000   2.20480e+03                                                          
   65400   2.15408e+03                                                          
   65800   2.10329e+03                                                          
   66200   2.05324e+03                                                          
   66600   2.00605e+03                                                          
   67000   1.95890e+03                                                          
   67400   1.91320e+03                                                          
   67800   1.86993e+03                                                          
   68200   1.82718e+03                                                          
   68600   1.78562e+03                                                          
   69000   1.74521e+03                                                          
   69400   1.70563e+03                                                          
   69800   1.66814e+03                                                          
   70200   1.63016e+03                                                          
   70600   1.59492e+03                                                          
   71000   1.56023e+03                                                          
   71400   1.52607e+03                                                          
   71800   1.49283e+03                                                          
   72200   1.45998e+03                                                          
   72600   1.42888e+03                                                          
   73000   1.39897e+03                                                          
   73400   1.36870e+03                                                          
   73800   1.34023e+03                                                          
   74200   1.31140e+03                                                          
   74600   1.27199e+03                                                          
   75000   1.24599e+03                                                          
   75400   1.23105e+03                                                          
   75800   1.20636e+03                                                          
   76200   1.18161e+03                                                          
   76600   1.15765e+03                                                          
   77000   1.13384e+03                                                          
   77400   1.11128e+03                                                          
   77800   1.08901e+03                                                          
   78200   1.06725e+03                                                          
   78600   1.04607e+03                                                          
   79000   1.02536e+03                                                          
   79400   1.00512e+03                                                          
   79800   9.85524e+02                                                          
   80200   9.66004e+02                                                          
   80600   9.47211e+02                                                          
   81000   9.29233e+02                                                          
   81400   9.10930e+02                                                          
   81800   8.93673e+02                                                          
   82200   8.76939e+02                                                          
   82600   8.60206e+02                                                          
   83000   8.44084e+02                                                          
   83400   8.27835e+02                                                          
   83800   8.12505e+02                                                          
   84200   7.97599e+02                                                          
   84600   7.82920e+02                                                          
   85000   7.68531e+02                                                          
   85400   7.54410e+02                                                          
   85800   7.40665e+02                                                          
   86200   7.27125e+02                                                          
   86600   7.14092e+02                                                          
   87000   7.01267e+02                                                          
   87400   6.88646e+02                                                          
   87800   6.76381e+02                                                          
   88200   6.64125e+02                                                          
   88600   6.52474e+02                                                          
   89000   6.40900e+02                                                          
   89400   6.29821e+02                                                          
   89800   6.18587e+02                                                          
   90200   6.07998e+02                                                          
   90600   5.97674e+02                                                          
   91000   5.87088e+02                                                          
   91400   5.77080e+02                                                          
   91800   5.67380e+02                                                          
   92200   5.57785e+02                                                          
   92600   5.48305e+02                                                          
   93000   5.39107e+02                                                          
   93400   5.29990e+02                                                          
   93800   5.21159e+02                                                          
   94200   5.12486e+02                                                          
   94600   5.03980e+02                                                          
   95000   4.95639e+02                                                          
   95400   4.87407e+02                                                          
   95800   4.79543e+02                                                          
   96200   4.71624e+02                                                          
   96600   4.64051e+02                                                          
   97000   4.56561e+02                                                          
   97400   4.48939e+02                                                          
   97800   4.41876e+02                                                          
   98200   4.34852e+02                                                          
   98600   4.27975e+02                                                          
   99000   4.21221e+02                                                          
   99400   4.14500e+02                                                          
   99800   4.07981e+02                                                          
  100200   4.01589e+02                                                          
  200000   2.58763e+01                                                          
  400000   1.61910e+00                                                          
  600000   3.17840e-01                                                          
  800000   9.99152e-02                                                          
 1000000   4.06854e-02                                                          
 1200000   1.95190e-02                                                          
 1400000   1.04872e-02                                                          
 1600000   6.12186e-03                                                          
