      91   1.00000e-21
      94   1.00000e-21                                                          
      96   1.00000e-21                                                          
      98   1.00000e-21                                                          
     100   1.00000e-21                                                          
     102   1.00000e-21                                                          
     104   1.00000e-21                                                          
     106   1.00000e-21                                                          
     108   1.00000e-21                                                          
     110   1.00000e-21                                                          
     114   1.00000e-21                                                          
     118   1.00000e-21                                                          
     121   1.00000e-21                                                          
     125   1.00000e-21                                                          
     127   1.00000e-21                                                          
     128   1.00000e-21                                                          
     130   1.00000e-21                                                          
     132   1.00000e-21                                                          
     134   1.00000e-21                                                          
     137   1.00000e-21                                                          
     140   1.00000e-21                                                          
     143   1.00000e-21                                                          
     147   1.00000e-21                                                          
     151   1.00000e-21                                                          
     155   1.00000e-21                                                          
     159   1.00000e-21                                                          
     162   1.00000e-21                                                          
     166   1.00000e-21                                                          
     170   1.00000e-21                                                          
     173   1.00000e-21                                                          
     177   1.00000e-21                                                          
     180   1.00000e-21                                                          
     182   1.00000e-21                                                          
     186   1.00000e-21                                                          
     191   1.00000e-21                                                          
     194   1.00000e-21                                                          
     198   1.00000e-21                                                          
     202   1.00000e-21                                                          
     205   1.00000e-21                                                          
     210   1.00000e-21                                                          
     216   1.00000e-21                                                          
     220   1.00000e-21                                                          
     223   1.00000e-21                                                          
     227   1.00000e-21                                                          
     230   1.00000e-21                                                          
     234   1.00000e-21                                                          
     240   1.00000e-21                                                          
     246   1.00000e-21                                                          
     252   1.00000e-21                                                          
     257   1.00000e-21                                                          
     260   1.00000e-21                                                          
     264   1.00000e-21                                                          
     268   1.00000e-21                                                          
     274   1.00000e-21                                                          
     278   1.00000e-21                                                          
     284   1.00000e-21                                                          
     290   1.00000e-21                                                          
     296   1.00000e-21                                                          
     301   1.00000e-21                                                          
     308   1.00000e-21                                                          
     318   1.00000e-21                                                          
     328   1.00000e-21                                                          
     338   1.00000e-21                                                          
     348   1.00000e-21                                                          
     357   1.00000e-21                                                          
     366   1.00000e-21                                                          
     375   1.00000e-21                                                          
     385   1.00000e-21                                                          
     395   1.00000e-21                                                          
     405   1.00000e-21                                                          
     414   1.00000e-21                                                          
     422   1.00000e-21                                                          
     430   1.00000e-21                                                          
     441   1.00000e-21                                                          
     451   1.00000e-21                                                          
     460   1.00000e-21                                                          
     470   1.00000e-21                                                          
     480   1.00000e-21                                                          
     490   1.00000e-21                                                          
     500   1.00000e-21                                                          
     506   1.00000e-21                                                          
     512   1.00000e-21                                                          
     520   1.00000e-21                                                          
     530   1.00000e-21                                                          
     540   1.00000e-21                                                          
     550   1.00000e-21                                                          
     560   1.00000e-21                                                          
     570   1.00000e-21                                                          
     580   1.00000e-21                                                          
     590   1.00000e-21                                                          
     600   1.00000e-21                                                          
     610   1.00000e-21                                                          
     620   1.00000e-21                                                          
     630   1.00000e-21                                                          
     640   1.00000e-21                                                          
     650   1.00000e-21                                                          
     658   1.00000e-21                                                          
     665   1.00000e-21                                                          
     675   1.00000e-21                                                          
     685   1.00000e-21                                                          
     695   1.00000e-21                                                          
     705   1.00000e-21                                                          
     716   1.00000e-21                                                          
     726   1.00000e-21                                                          
     735   1.00000e-21                                                          
     745   1.00000e-21                                                          
     755   1.00000e-21                                                          
     765   1.00000e-21                                                          
     775   1.00000e-21                                                          
     785   1.00000e-21                                                          
     795   1.00000e-21                                                          
     805   1.00000e-21                                                          
     815   1.00000e-21                                                          
     825   1.00000e-21                                                          
     835   1.00000e-21                                                          
     845   1.00000e-21                                                          
     855   1.00000e-21                                                          
     865   1.00000e-21                                                          
     875   1.00000e-21                                                          
     885   1.00000e-21                                                          
     895   1.00000e-21                                                          
     905   1.00000e-21                                                          
     915   1.00000e-21                                                          
     925   8.81762e-04                                                          
     935   1.21473e-03                                                          
     945   1.66147e-03                                                          
     955   2.34897e-03                                                          
     965   3.17517e-03                                                          
     975   4.24883e-03                                                          
     985   5.66779e-03                                                          
     995   7.48760e-03                                                          
    1005   1.00750e-02                                                          
    1015   1.31892e-02                                                          
    1025   1.61700e-02                                                          
    1035   2.22208e-02                                                          
    1045   2.86224e-02                                                          
    1055   3.66595e-02                                                          
    1065   4.66156e-02                                                          
    1075   5.91987e-02                                                          
    1085   7.47448e-02                                                          
    1095   9.36923e-02                                                          
    1105   3.56650e-01                                                          
    1115   6.91534e-01                                                          
    1125   9.92309e-01                                                          
    1135   1.33031e+00                                                          
    1145   1.71320e+00                                                          
    1155   1.88187e+00                                                          
    1165   2.54205e+00                                                          
    1175   3.07500e+00                                                          
    1185   3.12998e+00                                                          
    1195   2.06450e+00                                                          
    1205   2.15186e+00                                                          
    1215   9.95663e-01                                                          
    1225   2.81823e+00                                                          
    1235   6.13869e+00                                                          
    1245   1.47263e+01                                                          
    1255   2.28273e+01                                                          
    1265   2.32636e+01                                                          
    1275   3.41341e+01                                                          
    1285   4.62217e+01                                                          
    1295   5.59447e+01                                                          
    1305   5.23219e+01                                                          
    1315   7.59907e+01                                                          
    1325   8.76278e+01                                                          
    1335   9.95616e+01                                                          
    1345   1.19697e+02                                                          
    1355   1.29392e+02                                                          
    1365   1.45389e+02                                                          
    1375   1.55783e+02                                                          
    1385   1.66583e+02                                                          
    1395   1.90115e+02                                                          
    1405   2.17889e+02                                                          
    1415   2.35477e+02                                                          
    1425   2.59112e+02                                                          
    1435   2.81882e+02                                                          
    1442   3.46251e+02                                                          
    1447   3.39120e+02                                                          
    1455   3.87219e+02                                                          
    1465   4.23739e+02                                                          
    1475   4.66109e+02                                                          
    1485   5.14699e+02                                                          
    1495   6.29732e+02                                                          
    1505   7.22035e+02                                                          
    1512   6.63436e+02                                                          
    1517   7.30354e+02                                                          
    1525   1.21684e+03                                                          
    1535   1.57323e+03                                                          
    1545   1.67314e+03                                                          
    1555   2.03058e+03                                                          
    1565   1.92026e+03                                                          
    1575   2.89531e+03                                                          
    1585   3.34773e+03                                                          
    1595   3.93926e+03                                                          
    1605   3.94894e+03                                                          
    1615   4.14850e+03                                                          
    1625   4.13152e+03                                                          
    1635   5.10670e+03                                                          
    1645   6.38887e+03                                                          
    1655   4.23278e+03                                                          
    1665   7.07721e+03                                                          
    1672   4.81841e+03                                                          
    1677   4.41662e+04                                                          
    1685   4.43687e+04                                                          
    1695   3.65804e+04                                                          
    1705   4.61142e+04                                                          
    1715   8.69158e+04                                                          
    1725   1.03534e+05                                                          
    1735   1.38185e+05                                                          
    1745   1.27670e+05                                                          
    1755   1.87610e+05                                                          
    1765   1.31814e+05                                                          
    1775   1.78150e+05                                                          
    1785   1.87112e+05                                                          
    1795   2.96344e+05                                                          
    1805   2.39343e+05                                                          
    1815   2.53880e+05                                                          
    1825   2.54436e+05                                                          
    1835   2.35726e+05                                                          
    1845   1.75795e+05                                                          
    1855   2.72361e+05                                                          
    1865   3.72863e+05                                                          
    1875   3.36550e+05                                                          
    1885   3.55847e+05                                                          
    1895   4.37021e+05                                                          
    1905   4.08521e+05                                                          
    1915   4.37816e+05                                                          
    1925   3.48914e+05                                                          
    1935   1.45810e+05                                                          
    1945   4.87748e+05                                                          
    1955   5.20672e+05                                                          
    1967   6.32610e+05                                                          
    1976   5.56930e+05                                                          
    1984   6.50757e+05                                                          
    1995   6.63065e+05                                                          
    2005   5.84249e+05                                                          
    2015   5.94206e+05                                                          
    2025   4.88719e+05                                                          
    2035   6.75883e+05                                                          
    2045   7.62108e+05                                                          
    2055   7.11235e+05                                                          
    2065   6.50904e+05                                                          
    2074   7.99182e+05                                                          
    2078   1.21770e+06                                                          
    2085   1.34194e+06                                                          
    2095   1.22987e+06                                                          
    2105   1.09159e+06                                                          
    2115   1.19144e+06                                                          
    2125   1.08590e+06                                                          
    2135   9.34059e+05                                                          
    2145   1.20425e+06                                                          
    2155   1.22865e+06                                                          
    2165   1.07219e+06                                                          
    2175   1.10451e+06                                                          
    2185   1.28368e+06                                                          
    2195   1.35101e+06                                                          
    2205   1.26356e+06                                                          
    2215   9.84883e+05                                                          
    2225   1.03929e+06                                                          
    2235   1.37835e+06                                                          
    2245   1.28453e+06                                                          
    2255   9.81286e+05                                                          
    2265   9.82762e+05                                                          
    2275   1.12905e+06                                                          
    2285   1.36315e+06                                                          
    2295   1.16000e+06                                                          
    2305   1.35619e+06                                                          
    2315   1.19053e+06                                                          
    2325   8.13700e+05                                                          
    2335   7.53629e+05                                                          
    2345   4.81149e+05                                                          
    2355   1.02212e+06                                                          
    2365   5.29367e+05                                                          
    2375   7.60985e+05                                                          
    2385   3.68338e+05                                                          
    2395   5.16607e+05                                                          
    2405   5.10516e+05                                                          
    2415   6.53740e+05                                                          
    2425   1.15420e+06                                                          
    2435   1.14573e+06                                                          
    2445   1.34488e+06                                                          
    2455   1.39934e+06                                                          
    2465   1.29368e+06                                                          
    2475   1.13468e+06                                                          
    2485   9.21376e+05                                                          
    2495   9.49565e+05                                                          
    2505   1.47550e+06                                                          
    2513   6.23457e+05                                                          
    2518   4.53203e+05                                                          
    2525   5.43138e+05                                                          
    2535   7.77492e+05                                                          
    2545   8.59022e+05                                                          
    2555   1.28343e+06                                                          
    2565   1.02093e+06                                                          
    2575   1.24749e+06                                                          
    2585   1.13724e+06                                                          
    2595   1.02015e+06                                                          
    2605   8.83417e+05                                                          
    2615   7.70597e+05                                                          
    2625   1.12898e+06                                                          
    2635   1.61421e+06                                                          
    2645   2.23138e+06                                                          
    2655   2.61234e+06                                                          
    2665   1.85560e+06                                                          
    2675   2.15597e+06                                                          
    2685   2.25721e+06                                                          
    2695   1.86421e+06                                                          
    2705   2.16578e+06                                                          
    2715   1.72411e+06                                                          
    2725   1.69727e+06                                                          
    2735   1.93272e+06                                                          
    2745   1.00493e+06                                                          
    2755   1.31483e+06                                                          
    2765   1.62546e+06                                                          
    2775   1.85498e+06                                                          
    2785   1.15110e+06                                                          
    2795   4.02761e+05                                                          
    2805   5.22982e+05                                                          
    2815   1.69686e+06                                                          
    2825   2.45149e+06                                                          
    2835   2.41245e+06                                                          
    2845   2.25744e+06                                                          
    2855   1.59889e+06                                                          
    2865   2.64663e+06                                                          
    2875   2.77130e+06                                                          
    2885   2.59191e+06                                                          
    2895   2.62469e+06                                                          
    2910   3.26737e+06                                                          
    2930   2.97386e+06                                                          
    2950   2.90901e+06                                                          
    2970   3.17598e+06                                                          
    2990   3.21975e+06                                                          
    3010   3.42726e+06                                                          
    3030   3.36767e+06                                                          
    3050   3.46944e+06                                                          
    3070   3.53253e+06                                                          
    3090   3.64696e+06                                                          
    3110   3.58817e+06                                                          
    3130   3.55960e+06                                                          
    3150   3.54814e+06                                                          
    3170   3.61258e+06                                                          
    3190   3.28142e+06                                                          
    3210   3.59515e+06                                                          
    3230   3.17939e+06                                                          
    3250   3.64128e+06                                                          
    3270   3.94722e+06                                                          
    3290   3.87057e+06                                                          
    3310   4.00869e+06                                                          
    3330   3.95928e+06                                                          
    3350   3.93116e+06                                                          
    3370   3.67800e+06                                                          
    3390   3.83435e+06                                                          
    3410   3.82694e+06                                                          
    3430   3.84747e+06                                                          
    3450   3.95915e+06                                                          
    3470   3.93047e+06                                                          
    3490   4.02408e+06                                                          
    3510   4.12717e+06                                                          
    3530   3.98517e+06                                                          
    3550   4.36954e+06                                                          
    3570   3.89505e+06                                                          
    3590   3.79343e+06                                                          
    3610   3.94503e+06                                                          
    3630   3.96165e+06                                                          
    3640   3.97240e+06                                                          
    3650   4.36103e+06                                                          
    3670   4.16165e+06                                                          
    3690   3.92167e+06                                                          
    3710   4.35676e+06                                                          
    3730   4.19881e+06                                                          
    3750   4.70740e+06                                                          
    3770   5.05565e+06                                                          
    3790   5.50334e+06                                                          
    3810   6.02951e+06                                                          
    3830   4.82778e+06                                                          
    3850   6.23342e+06                                                          
    3870   6.51369e+06                                                          
    3890   5.28394e+06                                                          
    3910   6.31019e+06                                                          
    3930   3.72316e+06                                                          
    3950   5.53520e+06                                                          
    3970   3.84641e+06                                                          
    3990   6.59193e+06                                                          
    4010   6.99176e+06                                                          
    4030   7.06024e+06                                                          
    4050   6.93709e+06                                                          
    4070   6.84773e+06                                                          
    4090   6.69733e+06                                                          
    4110   5.93086e+06                                                          
    4130   6.98401e+06                                                          
    4150   7.22322e+06                                                          
    4170   7.13824e+06                                                          
    4190   7.09280e+06                                                          
    4210   7.07022e+06                                                          
    4230   6.87484e+06                                                          
    4250   6.98423e+06                                                          
    4270   6.79926e+06                                                          
    4290   6.64218e+06                                                          
    4310   6.13009e+06                                                          
    4330   6.34030e+06                                                          
    4350   5.78428e+06                                                          
    4370   7.03481e+06                                                          
    4390   6.83708e+06                                                          
    4410   6.85104e+06                                                          
    4430   6.81804e+06                                                          
    4450   6.80958e+06                                                          
    4470   6.91742e+06                                                          
    4490   6.86605e+06                                                          
    4510   7.24097e+06                                                          
    4530   6.79208e+06                                                          
    4550   6.83618e+06                                                          
    4570   7.14223e+06                                                          
    4590   6.80122e+06                                                          
    4610   6.93475e+06                                                          
    4630   6.78043e+06                                                          
    4650   6.84535e+06                                                          
    4670   6.92595e+06                                                          
    4690   6.74380e+06                                                          
    4710   6.51043e+06                                                          
    4730   6.79424e+06                                                          
    4750   6.81899e+06                                                          
    4770   6.75982e+06                                                          
    4790   6.71499e+06                                                          
    4810   6.64320e+06                                                          
    4830   6.60937e+06                                                          
    4850   5.95086e+06                                                          
    4870   5.10321e+06                                                          
    4890   6.28920e+06                                                          
    4910   6.33854e+06                                                          
    4930   6.24627e+06                                                          
    4950   6.39557e+06                                                          
    4970   6.43984e+06                                                          
    4990   6.10081e+06                                                          
    5010   5.91222e+06                                                          
    5030   6.15299e+06                                                          
    5050   6.10482e+06                                                          
    5070   6.24476e+06                                                          
    5090   6.10738e+06                                                          
    5110   6.14692e+06                                                          
    5130   6.00886e+06                                                          
    5150   5.86824e+06                                                          
    5170   5.73588e+06                                                          
    5190   5.69310e+06                                                          
    5210   5.78819e+06                                                          
    5230   5.82117e+06                                                          
    5250   5.90264e+06                                                          
    5270   5.48443e+06                                                          
    5290   5.80685e+06                                                          
    5310   5.83634e+06                                                          
    5330   5.54442e+06                                                          
    5350   5.74018e+06                                                          
    5370   5.69210e+06                                                          
    5390   5.64374e+06                                                          
    5410   5.50744e+06                                                          
    5430   5.58977e+06                                                          
    5450   5.64087e+06                                                          
    5470   5.55201e+06                                                          
    5490   5.56812e+06                                                          
    5510   5.52778e+06                                                          
    5530   5.49728e+06                                                          
    5550   5.50795e+06                                                          
    5570   5.39541e+06                                                          
    5590   5.35380e+06                                                          
    5610   5.38124e+06                                                          
    5630   5.38923e+06                                                          
    5650   5.35602e+06                                                          
    5670   5.25750e+06                                                          
    5690   5.28950e+06                                                          
    5710   5.22456e+06                                                          
    5730   5.35178e+06                                                          
    5750   5.23700e+06                                                          
    5770   5.24217e+06                                                          
    5790   5.17776e+06                                                          
    5810   5.18339e+06                                                          
    5830   5.18563e+06                                                          
    5850   5.10679e+06                                                          
    5870   5.09049e+06                                                          
    5890   4.95263e+06                                                          
    5910   5.02663e+06                                                          
    5930   4.99585e+06                                                          
    5950   4.98366e+06                                                          
    5970   4.95638e+06                                                          
    5990   4.90896e+06                                                          
    6010   4.84481e+06                                                          
    6030   4.83086e+06                                                          
    6050   4.85598e+06                                                          
    6070   4.83087e+06                                                          
    6090   4.75877e+06                                                          
    6110   4.71193e+06                                                          
    6130   4.59826e+06                                                          
    6150   4.58045e+06                                                          
    6170   4.53852e+06                                                          
    6190   4.63067e+06                                                          
    6210   4.60711e+06                                                          
    6230   4.53432e+06                                                          
    6250   4.40097e+06                                                          
    6270   4.53186e+06                                                          
    6290   4.51127e+06                                                          
    6310   4.41285e+06                                                          
    6330   4.41134e+06                                                          
    6350   4.38895e+06                                                          
    6370   4.36055e+06                                                          
    6390   4.36296e+06                                                          
    6410   4.27069e+06                                                          
    6430   4.27752e+06                                                          
    6450   4.23576e+06                                                          
    6470   4.22107e+06                                                          
    6490   4.15296e+06                                                          
    6510   4.17105e+06                                                          
    6530   4.11742e+06                                                          
    6550   3.81280e+06                                                          
    6570   3.16510e+06                                                          
    6590   3.96436e+06                                                          
    6610   4.06309e+06                                                          
    6630   4.05690e+06                                                          
    6650   4.03795e+06                                                          
    6670   3.99814e+06                                                          
    6690   4.01232e+06                                                          
    6710   3.96633e+06                                                          
    6730   3.96000e+06                                                          
    6750   3.91551e+06                                                          
    6770   3.91256e+06                                                          
    6790   3.88304e+06                                                          
    6810   3.85639e+06                                                          
    6830   3.83795e+06                                                          
    6850   3.78822e+06                                                          
    6870   3.79364e+06                                                          
    6890   3.77796e+06                                                          
    6910   3.74834e+06                                                          
    6930   3.72873e+06                                                          
    6950   3.70855e+06                                                          
    6970   3.68359e+06                                                          
    6990   3.66917e+06                                                          
    7010   3.59311e+06                                                          
    7030   3.60545e+06                                                          
    7050   3.59757e+06                                                          
    7070   3.57269e+06                                                          
    7090   3.54898e+06                                                          
    7110   3.49370e+06                                                          
    7130   3.48380e+06                                                          
    7150   3.46809e+06                                                          
    7170   3.44154e+06                                                          
    7190   3.39620e+06                                                          
    7210   3.40438e+06                                                          
    7230   3.38236e+06                                                          
    7250   3.37627e+06                                                          
    7270   3.36384e+06                                                          
    7290   3.30344e+06                                                          
    7310   3.30738e+06                                                          
    7330   3.29293e+06                                                          
    7350   3.28835e+06                                                          
    7370   3.27428e+06                                                          
    7390   3.21552e+06                                                          
    7410   3.15866e+06                                                          
    7430   3.17578e+06                                                          
    7450   3.17064e+06                                                          
    7470   3.15841e+06                                                          
    7490   3.13408e+06                                                          
    7510   3.12464e+06                                                          
    7530   3.11462e+06                                                          
    7550   3.11139e+06                                                          
    7570   3.08075e+06                                                          
    7590   3.06245e+06                                                          
    7610   3.04285e+06                                                          
    7630   3.03331e+06                                                          
    7650   3.01132e+06                                                          
    7670   2.95609e+06                                                          
    7690   2.97237e+06                                                          
    7710   2.93881e+06                                                          
    7730   2.94149e+06                                                          
    7750   2.90556e+06                                                          
    7770   2.87016e+06                                                          
    7790   2.90346e+06                                                          
    7810   2.87937e+06                                                          
    7830   2.84630e+06                                                          
    7850   2.82286e+06                                                          
    7870   2.82886e+06                                                          
    7890   2.81165e+06                                                          
    7910   2.78690e+06                                                          
    7930   2.74712e+06                                                          
    7950   2.74148e+06                                                          
    7970   2.75624e+06                                                          
    7990   2.73570e+06                                                          
    8010   2.70822e+06                                                          
    8030   2.69549e+06                                                          
    8050   2.67582e+06                                                          
    8070   2.67491e+06                                                          
    8090   2.64265e+06                                                          
    8110   2.64841e+06                                                          
    8130   2.63939e+06                                                          
    8150   2.62049e+06                                                          
    8170   2.60516e+06                                                          
    8190   2.54168e+06                                                          
    8210   2.54248e+06                                                          
    8230   2.52713e+06                                                          
    8250   2.52141e+06                                                          
    8270   2.53500e+06                                                          
    8290   2.51702e+06                                                          
    8310   2.48356e+06                                                          
    8330   2.44659e+06                                                          
    8350   2.45759e+06                                                          
    8370   2.44877e+06                                                          
    8390   2.41173e+06                                                          
    8410   2.41282e+06                                                          
    8430   2.38451e+06                                                          
    8450   2.35610e+06                                                          
    8470   2.33496e+06                                                          
    8490   2.35076e+06                                                          
    8510   2.23457e+06                                                          
    8530   2.34755e+06                                                          
    8550   2.15154e+06                                                          
    8570   2.34985e+06                                                          
    8590   2.25766e+06                                                          
    8610   2.22745e+06                                                          
    8630   2.31568e+06                                                          
    8650   2.27854e+06                                                          
    8670   2.02571e+06                                                          
    8690   2.22680e+06                                                          
    8710   2.26622e+06                                                          
    8730   2.23555e+06                                                          
    8750   2.04711e+06                                                          
    8770   2.20102e+06                                                          
    8790   2.22423e+06                                                          
    8810   2.19946e+06                                                          
    8830   2.18013e+06                                                          
    8850   2.11976e+06                                                          
    8870   1.95947e+06                                                          
    8890   2.15126e+06                                                          
    8910   2.15853e+06                                                          
    8930   2.13278e+06                                                          
    8950   2.13898e+06                                                          
    8970   2.12572e+06                                                          
    8990   2.10188e+06                                                          
    9010   1.88354e+06                                                          
    9030   2.00359e+06                                                          
    9050   2.08450e+06                                                          
    9070   2.03858e+06                                                          
    9090   1.99465e+06                                                          
    9110   2.02954e+06                                                          
    9130   2.04928e+06                                                          
    9150   2.04162e+06                                                          
    9170   2.02431e+06                                                          
    9190   2.01168e+06                                                          
    9210   1.94654e+06                                                          
    9230   1.73233e+06                                                          
    9250   1.90326e+06                                                          
    9270   1.93622e+06                                                          
    9290   1.96277e+06                                                          
    9310   1.95918e+06                                                          
    9330   1.94418e+06                                                          
    9350   1.93532e+06                                                          
    9370   1.92871e+06                                                          
    9390   1.91452e+06                                                          
    9410   1.84017e+06                                                          
    9430   1.88442e+06                                                          
    9450   1.86934e+06                                                          
    9470   1.87629e+06                                                          
    9490   1.86813e+06                                                          
    9510   1.84397e+06                                                          
    9530   1.79742e+06                                                          
    9550   1.59648e+06                                                          
    9570   1.78426e+06                                                          
    9590   1.81085e+06                                                          
    9610   1.79177e+06                                                          
    9630   1.77037e+06                                                          
    9650   1.77772e+06                                                          
    9670   1.75729e+06                                                          
    9690   1.76013e+06                                                          
    9710   1.76472e+06                                                          
    9730   1.75570e+06                                                          
    9750   1.73084e+06                                                          
    9770   1.73344e+06                                                          
    9790   1.72461e+06                                                          
    9810   1.71746e+06                                                          
    9830   1.70886e+06                                                          
    9850   1.69476e+06                                                          
    9870   1.68224e+06                                                          
    9890   1.67029e+06                                                          
    9910   1.66258e+06                                                          
    9930   1.66282e+06                                                          
    9950   1.65615e+06                                                          
    9970   1.64902e+06                                                          
    9990   1.63738e+06                                                          
   10025   1.57896e+06                                                          
   10075   1.52103e+06                                                          
   10125   1.57389e+06                                                          
   10175   1.55684e+06                                                          
   10225   1.54509e+06                                                          
   10275   1.53088e+06                                                          
   10325   1.50260e+06                                                          
   10375   1.48748e+06                                                          
   10425   1.47104e+06                                                          
   10475   1.43889e+06                                                          
   10525   1.42947e+06                                                          
   10575   1.41363e+06                                                          
   10625   1.39313e+06                                                          
   10675   1.35201e+06                                                          
   10725   1.35184e+06                                                          
   10775   1.33581e+06                                                          
   10825   1.31552e+06                                                          
   10875   1.29757e+06                                                          
   10925   1.19982e+06                                                          
   10975   1.24516e+06                                                          
   11025   1.26566e+06                                                          
   11075   1.25562e+06                                                          
   11125   1.23690e+06                                                          
   11175   1.22087e+06                                                          
   11225   1.21135e+06                                                          
   11275   1.17770e+06                                                          
   11325   1.16686e+06                                                          
   11375   1.16219e+06                                                          
   11425   1.13954e+06                                                          
   11475   1.14302e+06                                                          
   11525   1.13014e+06                                                          
   11575   1.11333e+06                                                          
   11625   1.08807e+06                                                          
   11675   1.07243e+06                                                          
   11725   1.07918e+06                                                          
   11775   1.04565e+06                                                          
   11825   1.04145e+06                                                          
   11875   1.02343e+06                                                          
   11925   1.03292e+06                                                          
   11975   1.00290e+06                                                          
   12025   1.00270e+06                                                          
   12075   9.87673e+05                                                          
   12125   9.80523e+05                                                          
   12175   9.74913e+05                                                          
   12225   9.62862e+05                                                          
   12275   9.50020e+05                                                          
   12325   9.40196e+05                                                          
   12375   9.30657e+05                                                          
   12425   9.21395e+05                                                          
   12475   9.11558e+05                                                          
   12525   8.99250e+05                                                          
   12575   8.85894e+05                                                          
   12625   8.78590e+05                                                          
   12675   8.69806e+05                                                          
   12725   8.61503e+05                                                          
   12775   8.42281e+05                                                          
   12825   7.57206e+05                                                          
   12875   8.25270e+05                                                          
   12925   8.23060e+05                                                          
   12975   8.17584e+05                                                          
   13025   8.07360e+05                                                          
   13075   8.01688e+05                                                          
   13125   7.89118e+05                                                          
   13175   7.78718e+05                                                          
   13225   7.75995e+05                                                          
   13275   7.65261e+05                                                          
   13325   7.58989e+05                                                          
   13375   7.50040e+05                                                          
   13425   7.44064e+05                                                          
   13475   7.36043e+05                                                          
   13525   7.26940e+05                                                          
   13575   7.15999e+05                                                          
   13625   7.12239e+05                                                          
   13675   7.03642e+05                                                          
   13725   6.90949e+05                                                          
   13775   6.87838e+05                                                          
   13825   6.81805e+05                                                          
   13875   6.77896e+05                                                          
   13925   6.67842e+05                                                          
   13975   6.62335e+05                                                          
   14025   6.54024e+05                                                          
   14075   6.49870e+05                                                          
   14125   6.39688e+05                                                          
   14175   6.36734e+05                                                          
   14225   6.25332e+05                                                          
   14275   6.17605e+05                                                          
   14325   6.16340e+05                                                          
   14375   6.12408e+05                                                          
   14425   5.89498e+05                                                          
   14475   5.98539e+05                                                          
   14525   5.83910e+05                                                          
   14570   5.85336e+05                                                          
   14620   5.78422e+05                                                          
   14675   5.74206e+05                                                          
   14725   5.64672e+05                                                          
   14775   5.57670e+05                                                          
   14825   5.54733e+05                                                          
   14875   5.44723e+05                                                          
   14925   5.47809e+05                                                          
   14975   5.38596e+05                                                          
   15025   5.29652e+05                                                          
   15075   5.22651e+05                                                          
   15125   5.23044e+05                                                          
   15175   5.18207e+05                                                          
   15225   5.09967e+05                                                          
   15275   5.06469e+05                                                          
   15325   4.99600e+05                                                          
   15375   4.96022e+05                                                          
   15425   4.87040e+05                                                          
   15475   4.85821e+05                                                          
   15525   4.80065e+05                                                          
   15575   4.69627e+05                                                          
   15625   4.76695e+05                                                          
   15675   4.62053e+05                                                          
   15725   4.54958e+05                                                          
   15775   4.56151e+05                                                          
   15825   4.54604e+05                                                          
   15875   4.28177e+05                                                          
   15925   4.42648e+05                                                          
   15975   4.47202e+05                                                          
   16050   4.34606e+05                                                          
   16150   4.16266e+05                                                          
   16250   4.24883e+05                                                          
   16350   4.07953e+05                                                          
   16450   3.88858e+05                                                          
   16550   3.99965e+05                                                          
   16650   3.92588e+05                                                          
   16750   3.75186e+05                                                          
   16850   3.55524e+05                                                          
   16950   3.69314e+05                                                          
   17050   3.59896e+05                                                          
   17150   3.54362e+05                                                          
   17250   3.42798e+05                                                          
   17350   3.14024e+05                                                          
   17450   3.26538e+05                                                          
   17550   3.24642e+05                                                          
   17650   3.18140e+05                                                          
   17750   3.12632e+05                                                          
   17850   3.06655e+05                                                          
   17950   3.01610e+05                                                          
   18050   2.93364e+05                                                          
   18150   2.69879e+05                                                          
   18250   2.77939e+05                                                          
   18350   2.77582e+05                                                          
   18450   2.71770e+05                                                          
   18550   2.66757e+05                                                          
   18650   2.59867e+05                                                          
   18750   2.36394e+05                                                          
   18850   2.49596e+05                                                          
   18950   2.43830e+05                                                          
   19050   2.43454e+05                                                          
   19150   2.38446e+05                                                          
   19250   2.33907e+05                                                          
   19350   2.27528e+05                                                          
   19450   2.08143e+05                                                          
   19550   2.19727e+05                                                          
   19650   2.16965e+05                                                          
   19750   2.12739e+05                                                          
   19850   2.09618e+05                                                          
   19950   2.05870e+05                                                          
   20050   2.02566e+05                                                          
   20150   1.99373e+05                                                          
   20250   1.94990e+05                                                          
   20350   1.90855e+05                                                          
   20450   1.88915e+05                                                          
   20550   1.85400e+05                                                          
   20650   1.81387e+05                                                          
   20750   1.78630e+05                                                          
   20850   1.75646e+05                                                          
   20950   1.72137e+05                                                          
   21050   1.69574e+05                                                          
   21150   1.66312e+05                                                          
   21250   1.63463e+05                                                          
   21350   1.60886e+05                                                          
   21450   1.58498e+05                                                          
   21550   1.55006e+05                                                          
   21650   1.41742e+05                                                          
   21750   1.48862e+05                                                          
   21850   1.47528e+05                                                          
   21950   1.45844e+05                                                          
   22050   1.42694e+05                                                          
   22150   1.40565e+05                                                          
   22250   1.38626e+05                                                          
   22350   1.36368e+05                                                          
   22450   1.34109e+05                                                          
   22550   1.31377e+05                                                          
   22650   1.29577e+05                                                          
   22750   1.27632e+05                                                          
   22850   1.25539e+05                                                          
   22950   1.24169e+05                                                          
   23050   1.22528e+05                                                          
   23150   1.20288e+05                                                          
   23250   1.18397e+05                                                          
   23350   1.16232e+05                                                          
   23450   1.14563e+05                                                          
   23550   1.12600e+05                                                          
   23650   1.10895e+05                                                          
   23750   1.08896e+05                                                          
   23850   1.07052e+05                                                          
   23950   1.05579e+05                                                          
   24050   1.03797e+05                                                          
   24150   1.02127e+05                                                          
   24250   1.00630e+05                                                          
   24350   9.88767e+04                                                          
   24450   9.74958e+04                                                          
   24550   9.57800e+04                                                          
   24650   9.46019e+04                                                          
   24750   9.30657e+04                                                          
   24850   9.15608e+04                                                          
   24950   8.99172e+04                                                          
   25050   8.98046e+04                                                          
   25150   8.81022e+04                                                          
   25250   8.59951e+04                                                          
   25350   8.53908e+04                                                          
   25450   8.43415e+04                                                          
   25550   8.27292e+04                                                          
   25650   8.04614e+04                                                          
   25750   8.06388e+04                                                          
   25850   7.93001e+04                                                          
   25950   7.85085e+04                                                          
   26050   7.68979e+04                                                          
   26150   7.44450e+04                                                          
   26250   6.98745e+04                                                          
   26350   7.35524e+04                                                          
   26450   7.29150e+04                                                          
   26550   7.20231e+04                                                          
   26650   7.04148e+04                                                          
   26750   6.81146e+04                                                          
   26850   6.89223e+04                                                          
   26950   6.83622e+04                                                          
   27050   6.74299e+04                                                          
   27150   6.64949e+04                                                          
   27250   6.55895e+04                                                          
   27350   6.47228e+04                                                          
   27450   6.36680e+04                                                          
   27550   6.08020e+04                                                          
   27650   6.11629e+04                                                          
   27750   6.11574e+04                                                          
   27850   6.04391e+04                                                          
   27950   5.96989e+04                                                          
   28050   5.88853e+04                                                          
   28150   5.81166e+04                                                          
   28250   5.73303e+04                                                          
   28350   5.66147e+04                                                          
   28450   5.57270e+04                                                          
   28550   5.50372e+04                                                          
   28650   5.37654e+04                                                          
   28750   5.12028e+04                                                          
   28850   5.26883e+04                                                          
   28950   5.22462e+04                                                          
   29050   5.16101e+04                                                          
   29150   5.08544e+04                                                          
   29250   5.02269e+04                                                          
   29350   4.96472e+04                                                          
   29450   4.89649e+04                                                          
   29550   4.83855e+04                                                          
   29650   4.77842e+04                                                          
   29750   4.71667e+04                                                          
   29850   4.65848e+04                                                          
   29950   4.59453e+04                                                          
   30050   4.53665e+04                                                          
   30150   4.48101e+04                                                          
   30250   4.41317e+04                                                          
   30350   4.18534e+04                                                          
   30450   4.22088e+04                                                          
   30550   4.25458e+04                                                          
   30650   4.20619e+04                                                          
   30750   4.16124e+04                                                          
   30850   4.10079e+04                                                          
   30950   4.05356e+04                                                          
   31050   4.00684e+04                                                          
   31150   3.93889e+04                                                          
   31250   3.90672e+04                                                          
   31350   3.86232e+04                                                          
   31450   3.81464e+04                                                          
   31550   3.76556e+04                                                          
   31650   3.72755e+04                                                          
   31750   3.67937e+04                                                          
   31850   3.63987e+04                                                          
   31950   3.59832e+04                                                          
   32100   3.53137e+04                                                          
   32300   3.45203e+04                                                          
   32500   3.36971e+04                                                          
   32700   3.28937e+04                                                          
   32900   3.10259e+04                                                          
   33100   3.12158e+04                                                          
   33300   3.06884e+04                                                          
   33500   3.00452e+04                                                          
   33700   2.93011e+04                                                          
   33900   2.86381e+04                                                          
   34100   2.79814e+04                                                          
   34300   2.74206e+04                                                          
   34500   2.68618e+04                                                          
   34700   2.62284e+04                                                          
   34900   2.56658e+04                                                          
   35100   2.51103e+04                                                          
   35300   2.45504e+04                                                          
   35500   2.40329e+04                                                          
   35700   2.34868e+04                                                          
   35900   2.30072e+04                                                          
   36100   2.25211e+04                                                          
   36300   2.20834e+04                                                          
   36500   2.15441e+04                                                          
   36700   2.11434e+04                                                          
   36900   2.05599e+04                                                          
   37100   2.01908e+04                                                          
   37300   1.95456e+04                                                          
   37500   1.88789e+04                                                          
   37700   1.90335e+04                                                          
   37900   1.86687e+04                                                          
   38100   1.82344e+04                                                          
   38300   1.79096e+04                                                          
   38500   1.76261e+04                                                          
   38700   1.72426e+04                                                          
   38900   1.68883e+04                                                          
   39100   1.64649e+04                                                          
   39300   1.62768e+04                                                          
   39500   1.59464e+04                                                          
   39700   1.56530e+04                                                          
   39900   1.52908e+04                                                          
   40100   1.49425e+04                                                          
   40300   1.46506e+04                                                          
   40500   1.40530e+04                                                          
   40700   1.41903e+04                                                          
   40900   1.39358e+04                                                          
   41100   1.36996e+04                                                          
   41300   1.34520e+04                                                          
   41500   1.31688e+04                                                          
   41700   1.27676e+04                                                          
   41900   1.26849e+04                                                          
   42100   1.24382e+04                                                          
   42300   1.22659e+04                                                          
   42500   1.20279e+04                                                          
   42700   1.18234e+04                                                          
   42900   1.16085e+04                                                          
   43100   1.13958e+04                                                          
   43300   1.11827e+04                                                          
   43500   1.09749e+04                                                          
   43700   1.05990e+04                                                          
   43900   1.05512e+04                                                          
   44100   1.03866e+04                                                          
   44300   1.02203e+04                                                          
   44500   1.00463e+04                                                          
   44700   9.87740e+03                                                          
   44900   9.71168e+03                                                          
   45100   9.54556e+03                                                          
   45300   9.38081e+03                                                          
   45500   9.22438e+03                                                          
   45700   9.06631e+03                                                          
   45900   8.90892e+03                                                          
   46100   8.76916e+03                                                          
   46300   8.61581e+03                                                          
   46500   8.20632e+03                                                          
   46700   8.13728e+03                                                          
   46900   8.18579e+03                                                          
   47100   8.07047e+03                                                          
   47300   7.94287e+03                                                          
   47500   7.80915e+03                                                          
   47700   7.68425e+03                                                          
   47900   7.56429e+03                                                          
   48100   7.43984e+03                                                          
   48300   7.32232e+03                                                          
   48500   7.20343e+03                                                          
   48700   7.08927e+03                                                          
   48900   6.97774e+03                                                          
   49100   6.86530e+03                                                          
   49300   6.75890e+03                                                          
   49500   6.65104e+03                                                          
   49700   6.54859e+03                                                          
   49900   6.44949e+03                                                          
   50100   6.34841e+03                                                          
   50300   6.25063e+03                                                          
   50500   6.15373e+03                                                          
   50700   6.06095e+03                                                          
   50900   5.96713e+03                                                          
   51100   5.86265e+03                                                          
   51300   5.64159e+03                                                          
   51500   5.69507e+03                                                          
   51700   5.61699e+03                                                          
   51900   5.53283e+03                                                          
   52100   5.44714e+03                                                          
   52300   5.36698e+03                                                          
   52500   5.29049e+03                                                          
   52700   5.21284e+03                                                          
   52900   5.13536e+03                                                          
   53100   5.06103e+03                                                          
   53300   4.98682e+03                                                          
   53500   4.91441e+03                                                          
   53700   4.84044e+03                                                          
   53900   4.77322e+03                                                          
   54100   4.70603e+03                                                          
   54300   4.63401e+03                                                          
   54500   4.57180e+03                                                          
   54700   4.49996e+03                                                          
   54900   4.44217e+03                                                          
   55100   4.38114e+03                                                          
   55300   4.31814e+03                                                          
   55500   4.25865e+03                                                          
   55700   4.19914e+03                                                          
   55900   4.13384e+03                                                          
   56100   4.08308e+03                                                          
   56300   4.02575e+03                                                          
   56500   3.97288e+03                                                          
   56700   3.91767e+03                                                          
   56900   3.86314e+03                                                          
   57100   3.81185e+03                                                          
   57300   3.76009e+03                                                          
   57500   3.70895e+03                                                          
   57700   3.65807e+03                                                          
   57900   3.60780e+03                                                          
   58100   3.56062e+03                                                          
   58300   3.51405e+03                                                          
   58500   3.46830e+03                                                          
   58700   3.41968e+03                                                          
   58900   3.36293e+03                                                          
   59100   3.24583e+03                                                          
   59300   3.28450e+03                                                          
   59500   3.23750e+03                                                          
   59700   3.20218e+03                                                          
   59900   3.16051e+03                                                          
   60100   3.11760e+03                                                          
   60300   3.07994e+03                                                          
   60500   3.04044e+03                                                          
   60700   3.00006e+03                                                          
   60900   2.96025e+03                                                          
   61100   2.91951e+03                                                          
   61300   2.88686e+03                                                          
   61500   2.85093e+03                                                          
   61700   2.81471e+03                                                          
   61900   2.77909e+03                                                          
   62100   2.74443e+03                                                          
   62300   2.70539e+03                                                          
   62500   2.67466e+03                                                          
   62700   2.64112e+03                                                          
   62900   2.61005e+03                                                          
   63100   2.57458e+03                                                          
   63300   2.54571e+03                                                          
   63500   2.51421e+03                                                          
   63700   2.48322e+03                                                          
   63900   2.45261e+03                                                          
   64200   2.40867e+03                                                          
   64600   2.34971e+03                                                          
   65000   2.29273e+03                                                          
   65400   2.23965e+03                                                          
   65800   2.18683e+03                                                          
   66200   2.13489e+03                                                          
   66600   2.08548e+03                                                          
   67000   2.03661e+03                                                          
   67400   1.98904e+03                                                          
   67800   1.94394e+03                                                          
   68200   1.89944e+03                                                          
   68600   1.85616e+03                                                          
   69000   1.81402e+03                                                          
   69400   1.77300e+03                                                          
   69800   1.73383e+03                                                          
   70200   1.69454e+03                                                          
   70600   1.65767e+03                                                          
   71000   1.62167e+03                                                          
   71400   1.58610e+03                                                          
   71800   1.55152e+03                                                          
   72200   1.51724e+03                                                          
   72600   1.48503e+03                                                          
   73000   1.45388e+03                                                          
   73400   1.42247e+03                                                          
   73800   1.39278e+03                                                          
   74200   1.36282e+03                                                          
   74600   1.31737e+03                                                          
   75000   1.28999e+03                                                          
   75400   1.27929e+03                                                          
   75800   1.25355e+03                                                          
   76200   1.22789e+03                                                          
   76600   1.20294e+03                                                          
   77000   1.17824e+03                                                          
   77400   1.15474e+03                                                          
   77800   1.13158e+03                                                          
   78200   1.10896e+03                                                          
   78600   1.08693e+03                                                          
   79000   1.06540e+03                                                          
   79400   1.04436e+03                                                          
   79800   1.02396e+03                                                          
   80200   1.00374e+03                                                          
   80600   9.84221e+02                                                          
   81000   9.65477e+02                                                          
   81400   9.46510e+02                                                          
   81800   9.28548e+02                                                          
   82200   9.11103e+02                                                          
   82600   8.93741e+02                                                          
   83000   8.76948e+02                                                          
   83400   8.60074e+02                                                          
   83800   8.44062e+02                                                          
   84200   8.28586e+02                                                          
   84600   8.13363e+02                                                          
   85000   7.98407e+02                                                          
   85400   7.83710e+02                                                          
   85800   7.69415e+02                                                          
   86200   7.55352e+02                                                          
   86600   7.41802e+02                                                          
   87000   7.28469e+02                                                          
   87400   7.15365e+02                                                          
   87800   7.02608e+02                                                          
   88200   6.89914e+02                                                          
   88600   6.77787e+02                                                          
   89000   6.65773e+02                                                          
   89400   6.54232e+02                                                          
   89800   6.42603e+02                                                          
   90200   6.31580e+02                                                          
   90600   6.20800e+02                                                          
   91000   6.09838e+02                                                          
   91400   5.99430e+02                                                          
   91800   5.89337e+02                                                          
   92200   5.79354e+02                                                          
   92600   5.69506e+02                                                          
   93000   5.59945e+02                                                          
   93400   5.50486e+02                                                          
   93800   5.41303e+02                                                          
   94200   5.32283e+02                                                          
   94600   5.23450e+02                                                          
   95000   5.14786e+02                                                          
   95400   5.06209e+02                                                          
   95800   4.98058e+02                                                          
   96200   4.89843e+02                                                          
   96600   4.81965e+02                                                          
   97000   4.74162e+02                                                          
   97400   4.66294e+02                                                          
   97800   4.58939e+02                                                          
   98200   4.51614e+02                                                          
   98600   4.44467e+02                                                          
   99000   4.37457e+02                                                          
   99400   4.30472e+02                                                          
   99800   4.23693e+02                                                          
  100200   4.17044e+02                                                          
  200000   2.68473e+01                                                          
  400000   1.67861e+00                                                          
  600000   3.29419e-01                                                          
  800000   1.03539e-01                                                          
 1000000   4.21568e-02                                                          
 1200000   2.02227e-02                                                          
 1400000   1.08647e-02                                                          
 1600000   6.34249e-03                                                          
