      91   1.00000e-21
      94   1.00000e-21                                                          
      96   1.00000e-21                                                          
      98   1.00000e-21                                                          
     100   1.00000e-21                                                          
     102   1.00000e-21                                                          
     104   1.00000e-21                                                          
     106   1.00000e-21                                                          
     108   1.00000e-21                                                          
     110   1.00000e-21                                                          
     114   1.00000e-21                                                          
     118   1.00000e-21                                                          
     121   1.00000e-21                                                          
     125   1.00000e-21                                                          
     127   1.00000e-21                                                          
     128   1.00000e-21                                                          
     130   1.00000e-21                                                          
     132   1.00000e-21                                                          
     134   1.00000e-21                                                          
     137   1.00000e-21                                                          
     140   1.00000e-21                                                          
     143   1.00000e-21                                                          
     147   1.00000e-21                                                          
     151   1.00000e-21                                                          
     155   1.00000e-21                                                          
     159   1.00000e-21                                                          
     162   1.00000e-21                                                          
     166   1.00000e-21                                                          
     170   1.00000e-21                                                          
     173   1.00000e-21                                                          
     177   1.00000e-21                                                          
     180   1.00000e-21                                                          
     182   1.00000e-21                                                          
     186   1.00000e-21                                                          
     191   1.00000e-21                                                          
     194   1.00000e-21                                                          
     198   1.00000e-21                                                          
     202   1.00000e-21                                                          
     205   1.00000e-21                                                          
     210   1.00000e-21                                                          
     216   1.00000e-21                                                          
     220   1.00000e-21                                                          
     223   1.00000e-21                                                          
     227   1.00000e-21                                                          
     230   1.00000e-21                                                          
     234   1.00000e-21                                                          
     240   1.00000e-21                                                          
     246   1.00000e-21                                                          
     252   1.00000e-21                                                          
     257   1.00000e-21                                                          
     260   1.00000e-21                                                          
     264   1.00000e-21                                                          
     268   1.00000e-21                                                          
     274   1.00000e-21                                                          
     278   1.00000e-21                                                          
     284   1.00000e-21                                                          
     290   1.00000e-21                                                          
     296   1.00000e-21                                                          
     301   1.00000e-21                                                          
     308   1.00000e-21                                                          
     318   1.00000e-21                                                          
     328   1.00000e-21                                                          
     338   1.00000e-21                                                          
     348   1.00000e-21                                                          
     357   1.00000e-21                                                          
     366   1.00000e-21                                                          
     375   1.00000e-21                                                          
     385   1.00000e-21                                                          
     395   1.00000e-21                                                          
     405   1.00000e-21                                                          
     414   1.00000e-21                                                          
     422   1.00000e-21                                                          
     430   1.00000e-21                                                          
     441   1.00000e-21                                                          
     451   1.00000e-21                                                          
     460   1.00000e-21                                                          
     470   1.00000e-21                                                          
     480   1.00000e-21                                                          
     490   1.00000e-21                                                          
     500   1.00000e-21                                                          
     506   7.44458e-14                                                          
     512   1.46612e-13                                                          
     520   3.08046e-13                                                          
     530   7.52544e-13                                                          
     540   1.75352e-12                                                          
     550   3.97807e-12                                                          
     560   8.71616e-12                                                          
     570   1.85224e-11                                                          
     580   3.80034e-11                                                          
     590   7.68557e-11                                                          
     600   1.50492e-10                                                          
     610   2.87852e-10                                                          
     620   5.37536e-10                                                          
     630   9.81905e-10                                                          
     640   1.75668e-09                                                          
     650   3.08293e-09                                                          
     658   4.76717e-09                                                          
     665   6.90528e-09                                                          
     675   1.15718e-08                                                          
     685   1.90781e-08                                                          
     695   3.09261e-08                                                          
     705   4.91635e-08                                                          
     716   8.11258e-08                                                          
     726   1.25601e-07                                                          
     735   1.84027e-07                                                          
     745   2.77720e-07                                                          
     755   4.14200e-07                                                          
     765   6.10624e-07                                                          
     775   8.89657e-07                                                          
     785   1.28311e-06                                                          
     795   1.81050e-06                                                          
     805   2.57090e-06                                                          
     815   3.60694e-06                                                          
     825   4.99700e-06                                                          
     835   6.85921e-06                                                          
     845   9.33456e-06                                                          
     855   1.25976e-05                                                          
     865   1.68603e-05                                                          
     875   2.23224e-05                                                          
     885   2.95083e-05                                                          
     895   3.86222e-05                                                          
     905   5.00122e-05                                                          
     915   3.89117e-02                                                          
     925   9.45419e-02                                                          
     935   1.25531e-01                                                          
     945   1.63434e-01                                                          
     955   2.23984e-01                                                          
     965   2.90487e-01                                                          
     975   3.60839e-01                                                          
     985   4.67036e-01                                                          
     995   5.72523e-01                                                          
    1005   7.61846e-01                                                          
    1015   9.58079e-01                                                          
    1025   1.08037e+00                                                          
    1035   1.47374e+00                                                          
    1045   1.83759e+00                                                          
    1055   2.26059e+00                                                          
    1065   2.71938e+00                                                          
    1075   3.35430e+00                                                          
    1085   4.08414e+00                                                          
    1095   4.85449e+00                                                          
    1105   2.24872e+01                                                          
    1115   4.15351e+01                                                          
    1125   5.64014e+01                                                          
    1135   7.17375e+01                                                          
    1145   8.82576e+01                                                          
    1155   9.37834e+01                                                          
    1165   1.23422e+02                                                          
    1175   1.43097e+02                                                          
    1185   1.43689e+02                                                          
    1195   9.29424e+01                                                          
    1205   9.58163e+01                                                          
    1215   3.02890e+01                                                          
    1225   1.16782e+02                                                          
    1235   2.45813e+02                                                          
    1245   6.45839e+02                                                          
    1255   1.05639e+03                                                          
    1265   1.05445e+03                                                          
    1275   1.61844e+03                                                          
    1285   2.25749e+03                                                          
    1295   2.72809e+03                                                          
    1305   2.34958e+03                                                          
    1315   3.57492e+03                                                          
    1325   4.19526e+03                                                          
    1335   4.67267e+03                                                          
    1345   5.80956e+03                                                          
    1355   5.99982e+03                                                          
    1365   6.70051e+03                                                          
    1375   7.25670e+03                                                          
    1385   7.63178e+03                                                          
    1395   8.82297e+03                                                          
    1405   9.83076e+03                                                          
    1415   1.02876e+04                                                          
    1425   1.15333e+04                                                          
    1435   1.18017e+04                                                          
    1442   1.40029e+04                                                          
    1447   1.52418e+04                                                          
    1455   1.68284e+04                                                          
    1465   1.67531e+04                                                          
    1475   1.83633e+04                                                          
    1485   2.06595e+04                                                          
    1495   2.36301e+04                                                          
    1505   2.63492e+04                                                          
    1512   2.65883e+04                                                          
    1517   2.74102e+04                                                          
    1525   6.07726e+04                                                          
    1535   8.98630e+04                                                          
    1545   1.34329e+05                                                          
    1555   1.23273e+05                                                          
    1565   1.14217e+05                                                          
    1575   2.34804e+05                                                          
    1585   2.97770e+05                                                          
    1595   3.79385e+05                                                          
    1605   3.40419e+05                                                          
    1615   3.25403e+05                                                          
    1625   2.34650e+05                                                          
    1635   3.09362e+05                                                          
    1645   5.03815e+05                                                          
    1655   2.41679e+05                                                          
    1665   5.12158e+05                                                          
    1672   2.40475e+05                                                          
    1677   1.81155e+06                                                          
    1685   1.91848e+06                                                          
    1695   1.38744e+06                                                          
    1705   1.51106e+06                                                          
    1715   2.08858e+06                                                          
    1725   2.20492e+06                                                          
    1735   2.66463e+06                                                          
    1745   2.50603e+06                                                          
    1755   3.07604e+06                                                          
    1765   2.17964e+06                                                          
    1775   2.87451e+06                                                          
    1785   2.79903e+06                                                          
    1795   3.79064e+06                                                          
    1805   3.33833e+06                                                          
    1815   3.61084e+06                                                          
    1825   3.25800e+06                                                          
    1835   2.93074e+06                                                          
    1845   2.47512e+06                                                          
    1855   3.03132e+06                                                          
    1865   3.62141e+06                                                          
    1875   3.35667e+06                                                          
    1885   3.50042e+06                                                          
    1895   3.90404e+06                                                          
    1905   3.58856e+06                                                          
    1915   3.91251e+06                                                          
    1925   3.67522e+06                                                          
    1935   2.42907e+06                                                          
    1945   4.22195e+06                                                          
    1955   4.31127e+06                                                          
    1967   4.90288e+06                                                          
    1976   4.73148e+06                                                          
    1984   4.69218e+06                                                          
    1995   4.57459e+06                                                          
    2005   4.17828e+06                                                          
    2015   4.12450e+06                                                          
    2025   3.78500e+06                                                          
    2035   4.46544e+06                                                          
    2045   4.95465e+06                                                          
    2055   4.73901e+06                                                          
    2065   4.46515e+06                                                          
    2074   5.40083e+06                                                          
    2078   5.87326e+06                                                          
    2085   5.67363e+06                                                          
    2095   5.32124e+06                                                          
    2105   4.76364e+06                                                          
    2115   4.95032e+06                                                          
    2125   5.08495e+06                                                          
    2135   4.05746e+06                                                          
    2145   4.93922e+06                                                          
    2155   4.95081e+06                                                          
    2165   4.50889e+06                                                          
    2175   4.51036e+06                                                          
    2185   4.86201e+06                                                          
    2195   5.32331e+06                                                          
    2205   4.99249e+06                                                          
    2215   4.31862e+06                                                          
    2225   4.24840e+06                                                          
    2235   5.24466e+06                                                          
    2245   4.73884e+06                                                          
    2255   4.18800e+06                                                          
    2265   4.21210e+06                                                          
    2275   4.62465e+06                                                          
    2285   5.08333e+06                                                          
    2295   4.50569e+06                                                          
    2305   4.83932e+06                                                          
    2315   4.54833e+06                                                          
    2325   2.95709e+06                                                          
    2335   3.55535e+06                                                          
    2345   2.75487e+06                                                          
    2355   4.31016e+06                                                          
    2365   2.92094e+06                                                          
    2375   3.67407e+06                                                          
    2385   2.37484e+06                                                          
    2395   2.96781e+06                                                          
    2405   2.91270e+06                                                          
    2415   3.12467e+06                                                          
    2425   4.27393e+06                                                          
    2435   4.12281e+06                                                          
    2445   4.60228e+06                                                          
    2455   4.58755e+06                                                          
    2465   4.58632e+06                                                          
    2475   4.11924e+06                                                          
    2485   4.08052e+06                                                          
    2495   3.85736e+06                                                          
    2505   5.12249e+06                                                          
    2513   3.55260e+06                                                          
    2518   3.05167e+06                                                          
    2525   2.95221e+06                                                          
    2535   3.16465e+06                                                          
    2545   3.32163e+06                                                          
    2555   4.10229e+06                                                          
    2565   3.77018e+06                                                          
    2575   4.36489e+06                                                          
    2585   4.32221e+06                                                          
    2595   4.12318e+06                                                          
    2605   3.78587e+06                                                          
    2615   3.44202e+06                                                          
    2625   4.50214e+06                                                          
    2635   4.91829e+06                                                          
    2645   6.20649e+06                                                          
    2655   6.56794e+06                                                          
    2665   5.27706e+06                                                          
    2675   5.92243e+06                                                          
    2685   5.92563e+06                                                          
    2695   5.28951e+06                                                          
    2705   5.74344e+06                                                          
    2715   5.06154e+06                                                          
    2725   5.15737e+06                                                          
    2735   5.71560e+06                                                          
    2745   3.82619e+06                                                          
    2755   4.34307e+06                                                          
    2765   4.78917e+06                                                          
    2775   5.40128e+06                                                          
    2785   4.21089e+06                                                          
    2795   1.75147e+06                                                          
    2805   2.23434e+06                                                          
    2815   5.31016e+06                                                          
    2825   6.37328e+06                                                          
    2835   6.16025e+06                                                          
    2845   5.87627e+06                                                          
    2855   5.30584e+06                                                          
    2865   6.42170e+06                                                          
    2875   6.33314e+06                                                          
    2885   6.34147e+06                                                          
    2895   6.05006e+06                                                          
    2910   7.17893e+06                                                          
    2930   6.74127e+06                                                          
    2950   6.65128e+06                                                          
    2970   6.97147e+06                                                          
    2990   7.12814e+06                                                          
    3010   7.35020e+06                                                          
    3030   7.24421e+06                                                          
    3050   7.30601e+06                                                          
    3070   7.43188e+06                                                          
    3090   7.60689e+06                                                          
    3110   7.36654e+06                                                          
    3130   7.33512e+06                                                          
    3150   7.53123e+06                                                          
    3170   7.46204e+06                                                          
    3190   6.91284e+06                                                          
    3210   7.31459e+06                                                          
    3230   6.87371e+06                                                          
    3250   7.26473e+06                                                          
    3270   7.56080e+06                                                          
    3290   7.55845e+06                                                          
    3310   7.77418e+06                                                          
    3330   7.60721e+06                                                          
    3350   7.53695e+06                                                          
    3370   7.40964e+06                                                          
    3390   7.44956e+06                                                          
    3410   7.44288e+06                                                          
    3430   7.49159e+06                                                          
    3450   7.48427e+06                                                          
    3470   7.39685e+06                                                          
    3490   7.42062e+06                                                          
    3510   7.59150e+06                                                          
    3530   7.49302e+06                                                          
    3550   7.79363e+06                                                          
    3570   7.34684e+06                                                          
    3590   7.24493e+06                                                          
    3610   7.31818e+06                                                          
    3630   7.38136e+06                                                          
    3640   7.31362e+06                                                          
    3650   7.76353e+06                                                          
    3670   7.35364e+06                                                          
    3690   6.77311e+06                                                          
    3710   7.63842e+06                                                          
    3730   7.71567e+06                                                          
    3750   9.19598e+06                                                          
    3770   9.69012e+06                                                          
    3790   1.12561e+07                                                          
    3810   1.28408e+07                                                          
    3830   1.04680e+07                                                          
    3850   1.40058e+07                                                          
    3870   1.53811e+07                                                          
    3890   1.00081e+07                                                          
    3910   1.50115e+07                                                          
    3930   1.04056e+07                                                          
    3950   1.38866e+07                                                          
    3970   8.52990e+06                                                          
    3990   1.50061e+07                                                          
    4010   1.67823e+07                                                          
    4030   1.68916e+07                                                          
    4050   1.66601e+07                                                          
    4070   1.59683e+07                                                          
    4090   1.34225e+07                                                          
    4110   1.07777e+07                                                          
    4130   1.54367e+07                                                          
    4150   1.63730e+07                                                          
    4170   1.63364e+07                                                          
    4190   1.61931e+07                                                          
    4210   1.61783e+07                                                          
    4230   1.57234e+07                                                          
    4250   1.58214e+07                                                          
    4270   1.52724e+07                                                          
    4290   1.53753e+07                                                          
    4310   1.41122e+07                                                          
    4330   1.18050e+07                                                          
    4350   1.02860e+07                                                          
    4370   1.45198e+07                                                          
    4390   1.48595e+07                                                          
    4410   1.46923e+07                                                          
    4430   1.45190e+07                                                          
    4450   1.46874e+07                                                          
    4470   1.46481e+07                                                          
    4490   1.44691e+07                                                          
    4510   1.49029e+07                                                          
    4530   1.42871e+07                                                          
    4550   1.41317e+07                                                          
    4570   1.45560e+07                                                          
    4590   1.40111e+07                                                          
    4610   1.42064e+07                                                          
    4630   1.38171e+07                                                          
    4650   1.38948e+07                                                          
    4670   1.38904e+07                                                          
    4690   1.33922e+07                                                          
    4710   1.29268e+07                                                          
    4730   1.34652e+07                                                          
    4750   1.34227e+07                                                          
    4770   1.32324e+07                                                          
    4790   1.30756e+07                                                          
    4810   1.27924e+07                                                          
    4830   1.22745e+07                                                          
    4850   1.00471e+07                                                          
    4870   8.24461e+06                                                          
    4890   1.15438e+07                                                          
    4910   1.20792e+07                                                          
    4930   1.19695e+07                                                          
    4950   1.21813e+07                                                          
    4970   1.22355e+07                                                          
    4990   1.17672e+07                                                          
    5010   1.14193e+07                                                          
    5030   1.17178e+07                                                          
    5050   1.15109e+07                                                          
    5070   1.16736e+07                                                          
    5090   1.15020e+07                                                          
    5110   1.14920e+07                                                          
    5130   1.12627e+07                                                          
    5150   1.10103e+07                                                          
    5170   1.08042e+07                                                          
    5190   1.07153e+07                                                          
    5210   1.07405e+07                                                          
    5230   1.06664e+07                                                          
    5250   1.08194e+07                                                          
    5270   1.02158e+07                                                          
    5290   1.05823e+07                                                          
    5310   1.04797e+07                                                          
    5330   1.01298e+07                                                          
    5350   1.03441e+07                                                          
    5370   1.02015e+07                                                          
    5390   1.01140e+07                                                          
    5410   9.90373e+06                                                          
    5430   9.95048e+06                                                          
    5450   9.97488e+06                                                          
    5470   9.84236e+06                                                          
    5490   9.83563e+06                                                          
    5510   9.75369e+06                                                          
    5530   9.63190e+06                                                          
    5550   9.62412e+06                                                          
    5570   9.44883e+06                                                          
    5590   9.38172e+06                                                          
    5610   9.35496e+06                                                          
    5630   9.33326e+06                                                          
    5650   9.25227e+06                                                          
    5670   9.10431e+06                                                          
    5690   9.10338e+06                                                          
    5710   9.00993e+06                                                          
    5730   9.06402e+06                                                          
    5750   8.91185e+06                                                          
    5770   8.87539e+06                                                          
    5790   8.78342e+06                                                          
    5810   8.73371e+06                                                          
    5830   8.68412e+06                                                          
    5850   8.58630e+06                                                          
    5870   8.51814e+06                                                          
    5890   8.33838e+06                                                          
    5910   8.38057e+06                                                          
    5930   8.31902e+06                                                          
    5950   8.25878e+06                                                          
    5970   8.19850e+06                                                          
    5990   8.10507e+06                                                          
    6010   7.99876e+06                                                          
    6030   7.96723e+06                                                          
    6050   7.93986e+06                                                          
    6070   7.90130e+06                                                          
    6090   7.80163e+06                                                          
    6110   7.72398e+06                                                          
    6130   7.58399e+06                                                          
    6150   7.47577e+06                                                          
    6170   7.46770e+06                                                          
    6190   7.51905e+06                                                          
    6210   7.45888e+06                                                          
    6230   7.35452e+06                                                          
    6250   7.17092e+06                                                          
    6270   7.29606e+06                                                          
    6290   7.24216e+06                                                          
    6310   7.11832e+06                                                          
    6330   7.08598e+06                                                          
    6350   6.99324e+06                                                          
    6370   6.95619e+06                                                          
    6390   6.93650e+06                                                          
    6410   6.81478e+06                                                          
    6430   6.79449e+06                                                          
    6450   6.68872e+06                                                          
    6470   6.68209e+06                                                          
    6490   6.55528e+06                                                          
    6510   6.51138e+06                                                          
    6530   6.32419e+06                                                          
    6550   5.59748e+06                                                          
    6570   4.50388e+06                                                          
    6590   5.99805e+06                                                          
    6610   6.25548e+06                                                          
    6630   6.28572e+06                                                          
    6650   6.26342e+06                                                          
    6670   6.21810e+06                                                          
    6690   6.20000e+06                                                          
    6710   6.15378e+06                                                          
    6730   6.11170e+06                                                          
    6750   6.04632e+06                                                          
    6770   6.03472e+06                                                          
    6790   5.98439e+06                                                          
    6810   5.93792e+06                                                          
    6830   5.88700e+06                                                          
    6850   5.83401e+06                                                          
    6870   5.81204e+06                                                          
    6890   5.77253e+06                                                          
    6910   5.72611e+06                                                          
    6930   5.68362e+06                                                          
    6950   5.64375e+06                                                          
    6970   5.59759e+06                                                          
    6990   5.56634e+06                                                          
    7010   5.47898e+06                                                          
    7030   5.46362e+06                                                          
    7050   5.43653e+06                                                          
    7070   5.39981e+06                                                          
    7090   5.36080e+06                                                          
    7110   5.22679e+06                                                          
    7130   5.24728e+06                                                          
    7150   5.22336e+06                                                          
    7170   5.17910e+06                                                          
    7190   5.13107e+06                                                          
    7210   5.10934e+06                                                          
    7230   5.07010e+06                                                          
    7250   5.03326e+06                                                          
    7270   5.01763e+06                                                          
    7290   4.94794e+06                                                          
    7310   4.92809e+06                                                          
    7330   4.89476e+06                                                          
    7350   4.87815e+06                                                          
    7370   4.84619e+06                                                          
    7390   4.78244e+06                                                          
    7410   4.70534e+06                                                          
    7430   4.69590e+06                                                          
    7450   4.67677e+06                                                          
    7470   4.62919e+06                                                          
    7490   4.60344e+06                                                          
    7510   4.59107e+06                                                          
    7530   4.56692e+06                                                          
    7550   4.55160e+06                                                          
    7570   4.51042e+06                                                          
    7590   4.47919e+06                                                          
    7610   4.44780e+06                                                          
    7630   4.41999e+06                                                          
    7650   4.38174e+06                                                          
    7670   4.32060e+06                                                          
    7690   4.31539e+06                                                          
    7710   4.27548e+06                                                          
    7730   4.26783e+06                                                          
    7750   4.22507e+06                                                          
    7770   4.12271e+06                                                          
    7790   4.18871e+06                                                          
    7810   4.15254e+06                                                          
    7830   4.10358e+06                                                          
    7850   4.06615e+06                                                          
    7870   4.05074e+06                                                          
    7890   4.01771e+06                                                          
    7910   3.98745e+06                                                          
    7930   3.95096e+06                                                          
    7950   3.92276e+06                                                          
    7970   3.93538e+06                                                          
    7990   3.87832e+06                                                          
    8010   3.86552e+06                                                          
    8030   3.83811e+06                                                          
    8050   3.81499e+06                                                          
    8070   3.79482e+06                                                          
    8090   3.76288e+06                                                          
    8110   3.75292e+06                                                          
    8130   3.73230e+06                                                          
    8150   3.70534e+06                                                          
    8170   3.68129e+06                                                          
    8190   3.59986e+06                                                          
    8210   3.59551e+06                                                          
    8230   3.56956e+06                                                          
    8250   3.55456e+06                                                          
    8270   3.56965e+06                                                          
    8290   3.54128e+06                                                          
    8310   3.50342e+06                                                          
    8330   3.44117e+06                                                          
    8350   3.43949e+06                                                          
    8370   3.41417e+06                                                          
    8390   3.35567e+06                                                          
    8410   3.33413e+06                                                          
    8430   3.30095e+06                                                          
    8450   3.24268e+06                                                          
    8470   3.19145e+06                                                          
    8490   3.25163e+06                                                          
    8510   3.05025e+06                                                          
    8530   3.26142e+06                                                          
    8550   2.88742e+06                                                          
    8570   3.28754e+06                                                          
    8590   3.06715e+06                                                          
    8610   2.99905e+06                                                          
    8630   3.27386e+06                                                          
    8650   3.15441e+06                                                          
    8670   2.65969e+06                                                          
    8690   3.13258e+06                                                          
    8710   3.24688e+06                                                          
    8730   3.13415e+06                                                          
    8750   2.62678e+06                                                          
    8770   3.03172e+06                                                          
    8790   3.18975e+06                                                          
    8810   3.18456e+06                                                          
    8830   3.09632e+06                                                          
    8850   2.87397e+06                                                          
    8870   2.50650e+06                                                          
    8890   3.00763e+06                                                          
    8910   3.08825e+06                                                          
    8930   3.08812e+06                                                          
    8950   3.10053e+06                                                          
    8970   3.04797e+06                                                          
    8990   2.93976e+06                                                          
    9010   2.43512e+06                                                          
    9030   2.66082e+06                                                          
    9050   2.92829e+06                                                          
    9070   2.90941e+06                                                          
    9090   2.87616e+06                                                          
    9110   2.93752e+06                                                          
    9130   2.94898e+06                                                          
    9150   2.93625e+06                                                          
    9170   2.89479e+06                                                          
    9190   2.82910e+06                                                          
    9210   2.66527e+06                                                          
    9230   2.16249e+06                                                          
    9250   2.57766e+06                                                          
    9270   2.69856e+06                                                          
    9290   2.79103e+06                                                          
    9310   2.79634e+06                                                          
    9330   2.78106e+06                                                          
    9350   2.77082e+06                                                          
    9370   2.76037e+06                                                          
    9390   2.72796e+06                                                          
    9410   2.63308e+06                                                          
    9430   2.68450e+06                                                          
    9450   2.66724e+06                                                          
    9470   2.65706e+06                                                          
    9490   2.62643e+06                                                          
    9510   2.55944e+06                                                          
    9530   2.39937e+06                                                          
    9550   1.97292e+06                                                          
    9570   2.40306e+06                                                          
    9590   2.51052e+06                                                          
    9610   2.51268e+06                                                          
    9630   2.48958e+06                                                          
    9650   2.51121e+06                                                          
    9670   2.47749e+06                                                          
    9690   2.47596e+06                                                          
    9710   2.49083e+06                                                          
    9730   2.47389e+06                                                          
    9750   2.44331e+06                                                          
    9770   2.44488e+06                                                          
    9790   2.43077e+06                                                          
    9810   2.41526e+06                                                          
    9830   2.39849e+06                                                          
    9850   2.37109e+06                                                          
    9870   2.35632e+06                                                          
    9890   2.33319e+06                                                          
    9910   2.32280e+06                                                          
    9930   2.31382e+06                                                          
    9950   2.29944e+06                                                          
    9970   2.28612e+06                                                          
    9990   2.25823e+06                                                          
   10025   2.08690e+06                                                          
   10075   1.98720e+06                                                          
   10125   2.15923e+06                                                          
   10175   2.15335e+06                                                          
   10225   2.13624e+06                                                          
   10275   2.10903e+06                                                          
   10325   2.07155e+06                                                          
   10375   2.04506e+06                                                          
   10425   2.01501e+06                                                          
   10475   1.96609e+06                                                          
   10525   1.94702e+06                                                          
   10575   1.92522e+06                                                          
   10625   1.89589e+06                                                          
   10675   1.83587e+06                                                          
   10725   1.83172e+06                                                          
   10775   1.80742e+06                                                          
   10825   1.77726e+06                                                          
   10875   1.73398e+06                                                          
   10925   1.49942e+06                                                          
   10975   1.61860e+06                                                          
   11025   1.68554e+06                                                          
   11075   1.67534e+06                                                          
   11125   1.65159e+06                                                          
   11175   1.63022e+06                                                          
   11225   1.61202e+06                                                          
   11275   1.56096e+06                                                          
   11325   1.54235e+06                                                          
   11375   1.53874e+06                                                          
   11425   1.50867e+06                                                          
   11475   1.50666e+06                                                          
   11525   1.48793e+06                                                          
   11575   1.46517e+06                                                          
   11625   1.42810e+06                                                          
   11675   1.40208e+06                                                          
   11725   1.41012e+06                                                          
   11775   1.36306e+06                                                          
   11825   1.35790e+06                                                          
   11875   1.33170e+06                                                          
   11925   1.34012e+06                                                          
   11975   1.30553e+06                                                          
   12025   1.29893e+06                                                          
   12075   1.27750e+06                                                          
   12125   1.26389e+06                                                          
   12175   1.25312e+06                                                          
   12225   1.23495e+06                                                          
   12275   1.21751e+06                                                          
   12325   1.20252e+06                                                          
   12375   1.18922e+06                                                          
   12425   1.17695e+06                                                          
   12475   1.15952e+06                                                          
   12525   1.14386e+06                                                          
   12575   1.12242e+06                                                          
   12625   1.11227e+06                                                          
   12675   1.09985e+06                                                          
   12725   1.08264e+06                                                          
   12775   1.04016e+06                                                          
   12825   8.93687e+05                                                          
   12875   1.02189e+06                                                          
   12925   1.02994e+06                                                          
   12975   1.02230e+06                                                          
   13025   1.01192e+06                                                          
   13075   1.00167e+06                                                          
   13125   9.87094e+05                                                          
   13175   9.71740e+05                                                          
   13225   9.65435e+05                                                          
   13275   9.53208e+05                                                          
   13325   9.42556e+05                                                          
   13375   9.30562e+05                                                          
   13425   9.19917e+05                                                          
   13475   9.08744e+05                                                          
   13525   8.95482e+05                                                          
   13575   8.83106e+05                                                          
   13625   8.76443e+05                                                          
   13675   8.64659e+05                                                          
   13725   8.46530e+05                                                          
   13775   8.42860e+05                                                          
   13825   8.33701e+05                                                          
   13875   8.27454e+05                                                          
   13925   8.13544e+05                                                          
   13975   8.06444e+05                                                          
   14025   7.96985e+05                                                          
   14075   7.89154e+05                                                          
   14125   7.77506e+05                                                          
   14175   7.70479e+05                                                          
   14225   7.59442e+05                                                          
   14275   7.49718e+05                                                          
   14325   7.43675e+05                                                          
   14375   7.36770e+05                                                          
   14425   7.11962e+05                                                          
   14475   7.18556e+05                                                          
   14525   7.02363e+05                                                          
   14570   7.02268e+05                                                          
   14620   6.93040e+05                                                          
   14675   6.86853e+05                                                          
   14725   6.76998e+05                                                          
   14775   6.66985e+05                                                          
   14825   6.61893e+05                                                          
   14875   6.51218e+05                                                          
   14925   6.50792e+05                                                          
   14975   6.40144e+05                                                          
   15025   6.30419e+05                                                          
   15075   6.20915e+05                                                          
   15125   6.17917e+05                                                          
   15175   6.10102e+05                                                          
   15225   6.01808e+05                                                          
   15275   5.94071e+05                                                          
   15325   5.85708e+05                                                          
   15375   5.81955e+05                                                          
   15425   5.67050e+05                                                          
   15475   5.68500e+05                                                          
   15525   5.62207e+05                                                          
   15575   5.44119e+05                                                          
   15625   5.59601e+05                                                          
   15675   5.37882e+05                                                          
   15725   5.23604e+05                                                          
   15775   5.39709e+05                                                          
   15825   5.34437e+05                                                          
   15875   4.89869e+05                                                          
   15925   5.16350e+05                                                          
   15975   5.27455e+05                                                          
   16050   5.07129e+05                                                          
   16150   4.78293e+05                                                          
   16250   4.99400e+05                                                          
   16350   4.73527e+05                                                          
   16450   4.44345e+05                                                          
   16550   4.69069e+05                                                          
   16650   4.60164e+05                                                          
   16750   4.33870e+05                                                          
   16850   4.05261e+05                                                          
   16950   4.31455e+05                                                          
   17050   4.22119e+05                                                          
   17150   4.15050e+05                                                          
   17250   4.00382e+05                                                          
   17350   3.54864e+05                                                          
   17450   3.79159e+05                                                          
   17550   3.79270e+05                                                          
   17650   3.72116e+05                                                          
   17750   3.65948e+05                                                          
   17850   3.58224e+05                                                          
   17950   3.52145e+05                                                          
   18050   3.41201e+05                                                          
   18150   3.04643e+05                                                          
   18250   3.20684e+05                                                          
   18350   3.23647e+05                                                          
   18450   3.17609e+05                                                          
   18550   3.10667e+05                                                          
   18650   3.02324e+05                                                          
   18750   2.67390e+05                                                          
   18850   2.89187e+05                                                          
   18950   2.85538e+05                                                          
   19050   2.83744e+05                                                          
   19150   2.78088e+05                                                          
   19250   2.72099e+05                                                          
   19350   2.63782e+05                                                          
   19450   2.33810e+05                                                          
   19550   2.54259e+05                                                          
   19650   2.52466e+05                                                          
   19750   2.47684e+05                                                          
   19850   2.43956e+05                                                          
   19950   2.39537e+05                                                          
   20050   2.35334e+05                                                          
   20150   2.31265e+05                                                          
   20250   2.26670e+05                                                          
   20350   2.22206e+05                                                          
   20450   2.19003e+05                                                          
   20550   2.14989e+05                                                          
   20650   2.10634e+05                                                          
   20750   2.07158e+05                                                          
   20850   2.03622e+05                                                          
   20950   1.99863e+05                                                          
   21050   1.96470e+05                                                          
   21150   1.92541e+05                                                          
   21250   1.89198e+05                                                          
   21350   1.86004e+05                                                          
   21450   1.82973e+05                                                          
   21550   1.78126e+05                                                          
   21650   1.58167e+05                                                          
   21750   1.70645e+05                                                          
   21850   1.70383e+05                                                          
   21950   1.68470e+05                                                          
   22050   1.65150e+05                                                          
   22150   1.62323e+05                                                          
   22250   1.60189e+05                                                          
   22350   1.57527e+05                                                          
   22450   1.54913e+05                                                          
   22550   1.51797e+05                                                          
   22650   1.49712e+05                                                          
   22750   1.47347e+05                                                          
   22850   1.45311e+05                                                          
   22950   1.44458e+05                                                          
   23050   1.42347e+05                                                          
   23150   1.39580e+05                                                          
   23250   1.37226e+05                                                          
   23350   1.34646e+05                                                          
   23450   1.32375e+05                                                          
   23550   1.30040e+05                                                          
   23650   1.27841e+05                                                          
   23750   1.25518e+05                                                          
   23850   1.23391e+05                                                          
   23950   1.21365e+05                                                          
   24050   1.19359e+05                                                          
   24150   1.17299e+05                                                          
   24250   1.15547e+05                                                          
   24350   1.13647e+05                                                          
   24450   1.11714e+05                                                          
   24550   1.10191e+05                                                          
   24650   1.08290e+05                                                          
   24750   1.06751e+05                                                          
   24850   1.05478e+05                                                          
   24950   1.02506e+05                                                          
   25050   1.03776e+05                                                          
   25150   1.01440e+05                                                          
   25250   9.75474e+04                                                          
   25350   9.80781e+04                                                          
   25450   9.72903e+04                                                          
   25550   9.49652e+04                                                          
   25650   9.08761e+04                                                          
   25750   9.25715e+04                                                          
   25850   9.16162e+04                                                          
   25950   9.04788e+04                                                          
   26050   8.76790e+04                                                          
   26150   8.33096e+04                                                          
   26250   7.76396e+04                                                          
   26350   8.38874e+04                                                          
   26450   8.41370e+04                                                          
   26550   8.29770e+04                                                          
   26650   8.08426e+04                                                          
   26750   7.58704e+04                                                          
   26850   7.88244e+04                                                          
   26950   7.87094e+04                                                          
   27050   7.77975e+04                                                          
   27150   7.68106e+04                                                          
   27250   7.57263e+04                                                          
   27350   7.45034e+04                                                          
   27450   7.30083e+04                                                          
   27550   6.77300e+04                                                          
   27650   6.92565e+04                                                          
   27750   7.03015e+04                                                          
   27850   6.96661e+04                                                          
   27950   6.88415e+04                                                          
   28050   6.79080e+04                                                          
   28150   6.69921e+04                                                          
   28250   6.60889e+04                                                          
   28350   6.52251e+04                                                          
   28450   6.41585e+04                                                          
   28550   6.31655e+04                                                          
   28650   6.09591e+04                                                          
   28750   5.66491e+04                                                          
   28850   6.02407e+04                                                          
   28950   5.99798e+04                                                          
   29050   5.94169e+04                                                          
   29150   5.85174e+04                                                          
   29250   5.78573e+04                                                          
   29350   5.71519e+04                                                          
   29450   5.64008e+04                                                          
   29550   5.56915e+04                                                          
   29650   5.49823e+04                                                          
   29750   5.42718e+04                                                          
   29850   5.35885e+04                                                          
   29950   5.28770e+04                                                          
   30050   5.21870e+04                                                          
   30150   5.14140e+04                                                          
   30250   5.04534e+04                                                          
   30350   4.66560e+04                                                          
   30450   4.72903e+04                                                          
   30550   4.86785e+04                                                          
   30650   4.83180e+04                                                          
   30750   4.78165e+04                                                          
   30850   4.71328e+04                                                          
   30950   4.65959e+04                                                          
   31050   4.60276e+04                                                          
   31150   4.53333e+04                                                          
   31250   4.48754e+04                                                          
   31350   4.43590e+04                                                          
   31450   4.38009e+04                                                          
   31550   4.32996e+04                                                          
   31650   4.28277e+04                                                          
   31750   4.22491e+04                                                          
   31850   4.18069e+04                                                          
   31950   4.13059e+04                                                          
   32100   4.05554e+04                                                          
   32300   3.96191e+04                                                          
   32500   3.86811e+04                                                          
   32700   3.76789e+04                                                          
   32900   3.47240e+04                                                          
   33100   3.55205e+04                                                          
   33300   3.53136e+04                                                          
   33500   3.45748e+04                                                          
   33700   3.36567e+04                                                          
   33900   3.28871e+04                                                          
   34100   3.21364e+04                                                          
   34300   3.14478e+04                                                          
   34500   3.07709e+04                                                          
   34700   3.00587e+04                                                          
   34900   2.93912e+04                                                          
   35100   2.87409e+04                                                          
   35300   2.80986e+04                                                          
   35500   2.74908e+04                                                          
   35700   2.68590e+04                                                          
   35900   2.63168e+04                                                          
   36100   2.57159e+04                                                          
   36300   2.52322e+04                                                          
   36500   2.46045e+04                                                          
   36700   2.41964e+04                                                          
   36900   2.34645e+04                                                          
   37100   2.31233e+04                                                          
   37300   2.20512e+04                                                          
   37500   2.12325e+04                                                          
   37700   2.17646e+04                                                          
   37900   2.13927e+04                                                          
   38100   2.07507e+04                                                          
   38300   2.03915e+04                                                          
   38500   2.01907e+04                                                          
   38700   1.97672e+04                                                          
   38900   1.92784e+04                                                          
   39100   1.86055e+04                                                          
   39300   1.86069e+04                                                          
   39500   1.83013e+04                                                          
   39700   1.79607e+04                                                          
   39900   1.75626e+04                                                          
   40100   1.69546e+04                                                          
   40300   1.65504e+04                                                          
   40500   1.57528e+04                                                          
   40700   1.61978e+04                                                          
   40900   1.59695e+04                                                          
   41100   1.57044e+04                                                          
   41300   1.54043e+04                                                          
   41500   1.50278e+04                                                          
   41700   1.43034e+04                                                          
   41900   1.44602e+04                                                          
   42100   1.42636e+04                                                          
   42300   1.40479e+04                                                          
   42500   1.37859e+04                                                          
   42700   1.35426e+04                                                          
   42900   1.32987e+04                                                          
   43100   1.30581e+04                                                          
   43300   1.28188e+04                                                          
   43500   1.25529e+04                                                          
   43700   1.19057e+04                                                          
   43900   1.19742e+04                                                          
   44100   1.19158e+04                                                          
   44300   1.17296e+04                                                          
   44500   1.15257e+04                                                          
   44700   1.13610e+04                                                          
   44900   1.11625e+04                                                          
   45100   1.09752e+04                                                          
   45300   1.07862e+04                                                          
   45500   1.06036e+04                                                          
   45700   1.04185e+04                                                          
   45900   1.02403e+04                                                          
   46100   1.00664e+04                                                          
   46300   9.84759e+03                                                          
   46500   9.18906e+03                                                          
   46700   9.07313e+03                                                          
   46900   9.31702e+03                                                          
   47100   9.24888e+03                                                          
   47300   9.11187e+03                                                          
   47500   8.95876e+03                                                          
   47700   8.81475e+03                                                          
   47900   8.67544e+03                                                          
   48100   8.53451e+03                                                          
   48300   8.39716e+03                                                          
   48500   8.26228e+03                                                          
   48700   8.13085e+03                                                          
   48900   8.00179e+03                                                          
   49100   7.87157e+03                                                          
   49300   7.75060e+03                                                          
   49500   7.62790e+03                                                          
   49700   7.50935e+03                                                          
   49900   7.39148e+03                                                          
   50100   7.27717e+03                                                          
   50300   7.16396e+03                                                          
   50500   7.05466e+03                                                          
   50700   6.94686e+03                                                          
   50900   6.83360e+03                                                          
   51100   6.67412e+03                                                          
   51300   6.29593e+03                                                          
   51500   6.49173e+03                                                          
   51700   6.43307e+03                                                          
   51900   6.33907e+03                                                          
   52100   6.24278e+03                                                          
   52300   6.15085e+03                                                          
   52500   6.06013e+03                                                          
   52700   5.97061e+03                                                          
   52900   5.88270e+03                                                          
   53100   5.79594e+03                                                          
   53300   5.71158e+03                                                          
   53500   5.62832e+03                                                          
   53700   5.54447e+03                                                          
   53900   5.46625e+03                                                          
   54100   5.38781e+03                                                          
   54300   5.30874e+03                                                          
   54500   5.23351e+03                                                          
   54700   5.15563e+03                                                          
   54900   5.08591e+03                                                          
   55100   5.01430e+03                                                          
   55300   4.94280e+03                                                          
   55500   4.87376e+03                                                          
   55700   4.80404e+03                                                          
   55900   4.73365e+03                                                          
   56100   4.67215e+03                                                          
   56300   4.60761e+03                                                          
   56500   4.54462e+03                                                          
   56700   4.48165e+03                                                          
   56900   4.42020e+03                                                          
   57100   4.36024e+03                                                          
   57300   4.30063e+03                                                          
   57500   4.24248e+03                                                          
   57700   4.18466e+03                                                          
   57900   4.12719e+03                                                          
   58100   4.07289e+03                                                          
   58300   4.01888e+03                                                          
   58500   3.97008e+03                                                          
   58700   3.91175e+03                                                          
   58900   3.82508e+03                                                          
   59100   3.62174e+03                                                          
   59300   3.73921e+03                                                          
   59500   3.70599e+03                                                          
   59700   3.66572e+03                                                          
   59900   3.61755e+03                                                          
   60100   3.56961e+03                                                          
   60300   3.52487e+03                                                          
   60500   3.47932e+03                                                          
   60700   3.43397e+03                                                          
   60900   3.38915e+03                                                          
   61100   3.34355e+03                                                          
   61300   3.30389e+03                                                          
   61500   3.26183e+03                                                          
   61700   3.22087e+03                                                          
   61900   3.17975e+03                                                          
   62100   3.14002e+03                                                          
   62300   3.09796e+03                                                          
   62500   3.06103e+03                                                          
   62700   3.02229e+03                                                          
   62900   2.98585e+03                                                          
   63100   2.94705e+03                                                          
   63300   2.91173e+03                                                          
   63500   2.87593e+03                                                          
   63700   2.84099e+03                                                          
   63900   2.80591e+03                                                          
   64200   2.75522e+03                                                          
   64600   2.68827e+03                                                          
   65000   2.62350e+03                                                          
   65400   2.56168e+03                                                          
   65800   2.50088e+03                                                          
   66200   2.44166e+03                                                          
   66600   2.38468e+03                                                          
   67000   2.32915e+03                                                          
   67400   2.27498e+03                                                          
   67800   2.22294e+03                                                          
   68200   2.17206e+03                                                          
   68600   2.12242e+03                                                          
   69000   2.07380e+03                                                          
   69400   2.02716e+03                                                          
   69800   1.98199e+03                                                          
   70200   1.93776e+03                                                          
   70600   1.89491e+03                                                          
   71000   1.85394e+03                                                          
   71400   1.81302e+03                                                          
   71800   1.77350e+03                                                          
   72200   1.73401e+03                                                          
   72600   1.69757e+03                                                          
   73000   1.66171e+03                                                          
   73400   1.62602e+03                                                          
   73800   1.59180e+03                                                          
   74200   1.55569e+03                                                          
   74600   1.48370e+03                                                          
   75000   1.45011e+03                                                          
   75400   1.45974e+03                                                          
   75800   1.43256e+03                                                          
   76200   1.40339e+03                                                          
   76600   1.37475e+03                                                          
   77000   1.34678e+03                                                          
   77400   1.31972e+03                                                          
   77800   1.29323e+03                                                          
   78200   1.26736e+03                                                          
   78600   1.24213e+03                                                          
   79000   1.21754e+03                                                          
   79400   1.19351e+03                                                          
   79800   1.17009e+03                                                          
   80200   1.14715e+03                                                          
   80600   1.12488e+03                                                          
   81000   1.10325e+03                                                          
   81400   1.08181e+03                                                          
   81800   1.06117e+03                                                          
   82200   1.04109e+03                                                          
   82600   1.02131e+03                                                          
   83000   1.00202e+03                                                          
   83400   9.82792e+02                                                          
   83800   9.64313e+02                                                          
   84200   9.46597e+02                                                          
   84600   9.29307e+02                                                          
   85000   9.12232e+02                                                          
   85400   8.95403e+02                                                          
   85800   8.79043e+02                                                          
   86200   8.63012e+02                                                          
   86600   8.47511e+02                                                          
   87000   8.32242e+02                                                          
   87400   8.17263e+02                                                          
   87800   8.02709e+02                                                          
   88200   7.88262e+02                                                          
   88600   7.74362e+02                                                          
   89000   7.60711e+02                                                          
   89400   7.47422e+02                                                          
   89800   7.34235e+02                                                          
   90200   7.21547e+02                                                          
   90600   7.09127e+02                                                          
   91000   6.96752e+02                                                          
   91400   6.84839e+02                                                          
   91800   6.73207e+02                                                          
   92200   6.61735e+02                                                          
   92600   6.50521e+02                                                          
   93000   6.39543e+02                                                          
   93400   6.28758e+02                                                          
   93800   6.18227e+02                                                          
   94200   6.07934e+02                                                          
   94600   5.97832e+02                                                          
   95000   5.87932e+02                                                          
   95400   5.78150e+02                                                          
   95800   5.68798e+02                                                          
   96200   5.59452e+02                                                          
   96600   5.50395e+02                                                          
   97000   5.41481e+02                                                          
   97400   5.32644e+02                                                          
   97800   5.24133e+02                                                          
   98200   5.15719e+02                                                          
   98600   5.07534e+02                                                          
   99000   4.99501e+02                                                          
   99400   4.91569e+02                                                          
   99800   4.83796e+02                                                          
  100200   4.76202e+02                                                          
  200000   3.05369e+01                                                          
  400000   1.90301e+00                                                          
  600000   3.72942e-01                                                          
  800000   1.17127e-01                                                          
 1000000   4.76610e-02                                                          
 1200000   2.28525e-02                                                          
 1400000   1.22731e-02                                                          
 1600000   7.16223e-03                                                          
