      91   1.00000e-21
      94   1.00000e-21                                                          
      96   1.00000e-21                                                          
      98   1.00000e-21                                                          
     100   1.00000e-21                                                          
     102   1.00000e-21                                                          
     104   1.00000e-21                                                          
     106   1.00000e-21                                                          
     108   1.00000e-21                                                          
     110   1.00000e-21                                                          
     114   1.00000e-21                                                          
     118   1.00000e-21                                                          
     121   1.00000e-21                                                          
     125   1.00000e-21                                                          
     127   1.00000e-21                                                          
     128   1.00000e-21                                                          
     130   1.00000e-21                                                          
     132   1.00000e-21                                                          
     134   1.00000e-21                                                          
     137   1.00000e-21                                                          
     140   1.00000e-21                                                          
     143   1.00000e-21                                                          
     147   1.00000e-21                                                          
     151   1.00000e-21                                                          
     155   1.00000e-21                                                          
     159   1.00000e-21                                                          
     162   1.00000e-21                                                          
     166   1.00000e-21                                                          
     170   1.00000e-21                                                          
     173   1.00000e-21                                                          
     177   1.00000e-21                                                          
     180   1.00000e-21                                                          
     182   1.00000e-21                                                          
     186   1.00000e-21                                                          
     191   1.00000e-21                                                          
     194   1.00000e-21                                                          
     198   1.00000e-21                                                          
     202   1.00000e-21                                                          
     205   1.00000e-21                                                          
     210   1.00000e-21                                                          
     216   1.00000e-21                                                          
     220   1.00000e-21                                                          
     223   1.00000e-21                                                          
     227   1.00000e-21                                                          
     230   1.00000e-21                                                          
     234   1.00000e-21                                                          
     240   1.00000e-21                                                          
     246   1.00000e-21                                                          
     252   1.00000e-21                                                          
     257   1.00000e-21                                                          
     260   1.00000e-21                                                          
     264   1.00000e-21                                                          
     268   1.00000e-21                                                          
     274   1.00000e-21                                                          
     278   1.00000e-21                                                          
     284   1.00000e-21                                                          
     290   1.00000e-21                                                          
     296   1.00000e-21                                                          
     301   1.00000e-21                                                          
     308   1.00000e-21                                                          
     318   1.00000e-21                                                          
     328   1.00000e-21                                                          
     338   1.00000e-21                                                          
     348   1.00000e-21                                                          
     357   1.00000e-21                                                          
     366   1.00000e-21                                                          
     375   1.00000e-21                                                          
     385   1.00000e-21                                                          
     395   1.00000e-21                                                          
     405   1.00000e-21                                                          
     414   1.00000e-21                                                          
     422   1.00000e-21                                                          
     430   1.00000e-21                                                          
     441   1.00000e-21                                                          
     451   1.00000e-21                                                          
     460   1.00000e-21                                                          
     470   1.00000e-21                                                          
     480   1.00000e-21                                                          
     490   1.00000e-21                                                          
     500   1.00000e-21                                                          
     506   3.80674e-13                                                          
     512   7.40287e-13                                                          
     520   1.52805e-12                                                          
     530   3.65595e-12                                                          
     540   8.34484e-12                                                          
     550   1.85671e-11                                                          
     560   3.99252e-11                                                          
     570   8.33108e-11                                                          
     580   1.67937e-10                                                          
     590   3.33914e-10                                                          
     600   6.43188e-10                                                          
     610   1.21084e-09                                                          
     620   2.22654e-09                                                          
     630   4.00690e-09                                                          
     640   7.06591e-09                                                          
     650   1.22281e-08                                                          
     658   1.87042e-08                                                          
     665   2.68423e-08                                                          
     675   4.44005e-08                                                          
     685   7.22888e-08                                                          
     695   1.15755e-07                                                          
     705   1.81850e-07                                                          
     716   2.96298e-07                                                          
     726   4.53617e-07                                                          
     735   6.58137e-07                                                          
     745   9.82670e-07                                                          
     755   1.45053e-06                                                          
     765   2.11690e-06                                                          
     775   3.05430e-06                                                          
     785   4.36311e-06                                                          
     795   6.09902e-06                                                          
     805   8.58243e-06                                                          
     815   1.19347e-05                                                          
     825   1.63913e-05                                                          
     835   2.23091e-05                                                          
     845   3.01126e-05                                                          
     855   4.03127e-05                                                          
     865   5.35313e-05                                                          
     875   7.03283e-05                                                          
     885   9.22759e-05                                                          
     895   1.19888e-04                                                          
     905   1.54057e-04                                                          
     915   1.03482e-01                                                          
     925   2.67969e-01                                                          
     935   3.52210e-01                                                          
     945   4.55524e-01                                                          
     955   6.24077e-01                                                          
     965   8.02451e-01                                                          
     975   9.80970e-01                                                          
     985   1.26069e+00                                                          
     995   1.52363e+00                                                          
    1005   2.02441e+00                                                          
    1015   2.52411e+00                                                          
    1025   2.76181e+00                                                          
    1035   3.80262e+00                                                          
    1045   4.71081e+00                                                          
    1055   5.74156e+00                                                          
    1065   6.81700e+00                                                          
    1075   8.35862e+00                                                          
    1085   1.00880e+01                                                          
    1095   1.18404e+01                                                          
    1105   5.43839e+01                                                          
    1115   9.90800e+01                                                          
    1125   1.33198e+02                                                          
    1135   1.67836e+02                                                          
    1145   2.04193e+02                                                          
    1155   2.15909e+02                                                          
    1165   2.81745e+02                                                          
    1175   3.23768e+02                                                          
    1185   3.23152e+02                                                          
    1195   2.06030e+02                                                          
    1205   2.10305e+02                                                          
    1215   6.06471e+01                                                          
    1225   2.52544e+02                                                          
    1235   5.35356e+02                                                          
    1245   1.37399e+03                                                          
    1255   2.23507e+03                                                          
    1265   2.21890e+03                                                          
    1275   3.40669e+03                                                          
    1285   4.74780e+03                                                          
    1295   5.73190e+03                                                          
    1305   4.86583e+03                                                          
    1315   7.44304e+03                                                          
    1325   8.75595e+03                                                          
    1335   9.67693e+03                                                          
    1345   1.21785e+04                                                          
    1355   1.24958e+04                                                          
    1365   1.38477e+04                                                          
    1375   1.50988e+04                                                          
    1385   1.57962e+04                                                          
    1395   1.82585e+04                                                          
    1405   2.03267e+04                                                          
    1415   2.11736e+04                                                          
    1425   2.38071e+04                                                          
    1435   2.41945e+04                                                          
    1442   2.90224e+04                                                          
    1447   3.27580e+04                                                          
    1455   3.71138e+04                                                          
    1465   3.57892e+04                                                          
    1475   3.93138e+04                                                          
    1485   4.47508e+04                                                          
    1495   5.17977e+04                                                          
    1505   5.83643e+04                                                          
    1512   5.78671e+04                                                          
    1517   5.79396e+04                                                          
    1525   2.04794e+05                                                          
    1535   2.98624e+05                                                          
    1545   4.82140e+05                                                          
    1555   4.10382e+05                                                          
    1565   3.64359e+05                                                          
    1575   7.41219e+05                                                          
    1585   8.98724e+05                                                          
    1595   1.13722e+06                                                          
    1605   1.01942e+06                                                          
    1615   9.42472e+05                                                          
    1625   6.69832e+05                                                          
    1635   8.83938e+05                                                          
    1645   1.38001e+06                                                          
    1655   6.72694e+05                                                          
    1665   1.38460e+06                                                          
    1672   6.32575e+05                                                          
    1677   3.36927e+06                                                          
    1685   3.61302e+06                                                          
    1695   2.66278e+06                                                          
    1705   2.81206e+06                                                          
    1715   3.64551e+06                                                          
    1725   3.76259e+06                                                          
    1735   4.47046e+06                                                          
    1745   4.25909e+06                                                          
    1755   5.12368e+06                                                          
    1765   3.66954e+06                                                          
    1775   4.75120e+06                                                          
    1785   4.61908e+06                                                          
    1795   6.07917e+06                                                          
    1805   5.41573e+06                                                          
    1815   5.73662e+06                                                          
    1825   5.20191e+06                                                          
    1835   4.67812e+06                                                          
    1845   3.97936e+06                                                          
    1855   4.75517e+06                                                          
    1865   5.52658e+06                                                          
    1875   5.20173e+06                                                          
    1885   5.38192e+06                                                          
    1895   5.91500e+06                                                          
    1905   5.41457e+06                                                          
    1915   5.90785e+06                                                          
    1925   5.66573e+06                                                          
    1935   4.00308e+06                                                          
    1945   6.31438e+06                                                          
    1955   6.39585e+06                                                          
    1967   7.17471e+06                                                          
    1976   6.95993e+06                                                          
    1984   6.81405e+06                                                          
    1995   6.61377e+06                                                          
    2005   6.07009e+06                                                          
    2015   5.96776e+06                                                          
    2025   5.52178e+06                                                          
    2035   6.38123e+06                                                          
    2045   7.06508e+06                                                          
    2055   6.73354e+06                                                          
    2065   6.37518e+06                                                          
    2074   7.61546e+06                                                          
    2078   8.07855e+06                                                          
    2085   7.77779e+06                                                          
    2095   7.30427e+06                                                          
    2105   6.55575e+06                                                          
    2115   6.75019e+06                                                          
    2125   7.00468e+06                                                          
    2135   5.55279e+06                                                          
    2145   6.70942e+06                                                          
    2155   6.71340e+06                                                          
    2165   6.11402e+06                                                          
    2175   6.08555e+06                                                          
    2185   6.50118e+06                                                          
    2195   7.10812e+06                                                          
    2205   6.67877e+06                                                          
    2215   5.81959e+06                                                          
    2225   5.69982e+06                                                          
    2235   6.95271e+06                                                          
    2245   6.23851e+06                                                          
    2255   5.60577e+06                                                          
    2265   5.63048e+06                                                          
    2275   6.12511e+06                                                          
    2285   6.67588e+06                                                          
    2295   5.95279e+06                                                          
    2305   6.29872e+06                                                          
    2315   5.92825e+06                                                          
    2325   3.83135e+06                                                          
    2335   4.75051e+06                                                          
    2345   3.77871e+06                                                          
    2355   5.66608e+06                                                          
    2365   3.97856e+06                                                          
    2375   4.87247e+06                                                          
    2385   3.31593e+06                                                          
    2395   4.05220e+06                                                          
    2405   3.94829e+06                                                          
    2415   4.17514e+06                                                          
    2425   5.50112e+06                                                          
    2435   5.28755e+06                                                          
    2445   5.85340e+06                                                          
    2455   5.79925e+06                                                          
    2465   5.81485e+06                                                          
    2475   5.25721e+06                                                          
    2485   5.28315e+06                                                          
    2495   4.96965e+06                                                          
    2505   6.45657e+06                                                          
    2513   4.69230e+06                                                          
    2518   4.16775e+06                                                          
    2525   3.92857e+06                                                          
    2535   4.11036e+06                                                          
    2545   4.26660e+06                                                          
    2555   5.17195e+06                                                          
    2565   4.83042e+06                                                          
    2575   5.53899e+06                                                          
    2585   5.52063e+06                                                          
    2595   5.27391e+06                                                          
    2605   4.87901e+06                                                          
    2615   4.48104e+06                                                          
    2625   5.71634e+06                                                          
    2635   6.08667e+06                                                          
    2645   7.56883e+06                                                          
    2655   7.89316e+06                                                          
    2665   6.44799e+06                                                          
    2675   7.16775e+06                                                          
    2685   7.13940e+06                                                          
    2695   6.44541e+06                                                          
    2705   6.92966e+06                                                          
    2715   6.17315e+06                                                          
    2725   6.28797e+06                                                          
    2735   6.95402e+06                                                          
    2745   4.82006e+06                                                          
    2755   5.35264e+06                                                          
    2765   5.81388e+06                                                          
    2775   6.51096e+06                                                          
    2785   5.19589e+06                                                          
    2795   2.29011e+06                                                          
    2805   2.87827e+06                                                          
    2815   6.39595e+06                                                          
    2825   7.52608e+06                                                          
    2835   7.27151e+06                                                          
    2845   6.93899e+06                                                          
    2855   6.38982e+06                                                          
    2865   7.53215e+06                                                          
    2875   7.39381e+06                                                          
    2885   7.44177e+06                                                          
    2895   7.06995e+06                                                          
    2910   8.31691e+06                                                          
    2930   7.82564e+06                                                          
    2950   7.73008e+06                                                          
    2970   8.03743e+06                                                          
    2990   8.21234e+06                                                          
    3010   8.42705e+06                                                          
    3030   8.29710e+06                                                          
    3050   8.33560e+06                                                          
    3070   8.44046e+06                                                          
    3090   8.61766e+06                                                          
    3110   8.33397e+06                                                          
    3130   8.30064e+06                                                          
    3150   8.51378e+06                                                          
    3170   8.41217e+06                                                          
    3190   7.83495e+06                                                          
    3210   8.24526e+06                                                          
    3230   7.80370e+06                                                          
    3250   8.17570e+06                                                          
    3270   8.44429e+06                                                          
    3290   8.45394e+06                                                          
    3310   8.65275e+06                                                          
    3330   8.45850e+06                                                          
    3350   8.36913e+06                                                          
    3370   8.25478e+06                                                          
    3390   8.27224e+06                                                          
    3410   8.28728e+06                                                          
    3430   8.32597e+06                                                          
    3450   8.29450e+06                                                          
    3470   8.19030e+06                                                          
    3490   8.19731e+06                                                          
    3510   8.37358e+06                                                          
    3530   8.29100e+06                                                          
    3550   8.54372e+06                                                          
    3570   8.11961e+06                                                          
    3590   8.02176e+06                                                          
    3610   8.07078e+06                                                          
    3630   8.13835e+06                                                          
    3640   8.05867e+06                                                          
    3650   8.48713e+06                                                          
    3670   8.06474e+06                                                          
    3690   7.37507e+06                                                          
    3710   8.35850e+06                                                          
    3730   8.53181e+06                                                          
    3750   1.03949e+07                                                          
    3770   1.09498e+07                                                          
    3790   1.30176e+07                                                          
    3810   1.50300e+07                                                          
    3830   1.20760e+07                                                          
    3850   1.65817e+07                                                          
    3870   1.84669e+07                                                          
    3890   1.12681e+07                                                          
    3910   1.81396e+07                                                          
    3930   1.30166e+07                                                          
    3950   1.69540e+07                                                          
    3970   9.79748e+06                                                          
    3990   1.79709e+07                                                          
    4010   2.04902e+07                                                          
    4030   2.06557e+07                                                          
    4050   2.03667e+07                                                          
    4070   1.93077e+07                                                          
    4090   1.55494e+07                                                          
    4110   1.21705e+07                                                          
    4130   1.84499e+07                                                          
    4150   1.97674e+07                                                          
    4170   1.97907e+07                                                          
    4190   1.95912e+07                                                          
    4210   1.95679e+07                                                          
    4230   1.89993e+07                                                          
    4250   1.90646e+07                                                          
    4270   1.83497e+07                                                          
    4290   1.84475e+07                                                          
    4310   1.67829e+07                                                          
    4330   1.33822e+07                                                          
    4350   1.15338e+07                                                          
    4370   1.70536e+07                                                          
    4390   1.76564e+07                                                          
    4410   1.74831e+07                                                          
    4430   1.72785e+07                                                          
    4450   1.75026e+07                                                          
    4470   1.74088e+07                                                          
    4490   1.71624e+07                                                          
    4510   1.76078e+07                                                          
    4530   1.69285e+07                                                          
    4550   1.66902e+07                                                          
    4570   1.71427e+07                                                          
    4590   1.65321e+07                                                          
    4610   1.67365e+07                                                          
    4630   1.62622e+07                                                          
    4650   1.63400e+07                                                          
    4670   1.62922e+07                                                          
    4690   1.56792e+07                                                          
    4710   1.51269e+07                                                          
    4730   1.57426e+07                                                          
    4750   1.56688e+07                                                          
    4770   1.54196e+07                                                          
    4790   1.52075e+07                                                          
    4810   1.48211e+07                                                          
    4830   1.40782e+07                                                          
    4850   1.11278e+07                                                          
    4870   9.02023e+06                                                          
    4890   1.31661e+07                                                          
    4910   1.39445e+07                                                          
    4930   1.38518e+07                                                          
    4950   1.40749e+07                                                          
    4970   1.41342e+07                                                          
    4990   1.36295e+07                                                          
    5010   1.32238e+07                                                          
    5030   1.35264e+07                                                          
    5050   1.32662e+07                                                          
    5070   1.34342e+07                                                          
    5090   1.32469e+07                                                          
    5110   1.32137e+07                                                          
    5130   1.29532e+07                                                          
    5150   1.26624e+07                                                          
    5170   1.24135e+07                                                          
    5190   1.23020e+07                                                          
    5210   1.23234e+07                                                          
    5230   1.21995e+07                                                          
    5250   1.23691e+07                                                          
    5270   1.17063e+07                                                          
    5290   1.20812e+07                                                          
    5310   1.19330e+07                                                          
    5330   1.15608e+07                                                          
    5350   1.17816e+07                                                          
    5370   1.16054e+07                                                          
    5390   1.15017e+07                                                          
    5410   1.12660e+07                                                          
    5430   1.12975e+07                                                          
    5450   1.13092e+07                                                          
    5470   1.11621e+07                                                          
    5490   1.11402e+07                                                          
    5510   1.10461e+07                                                          
    5530   1.08930e+07                                                          
    5550   1.08754e+07                                                          
    5570   1.06818e+07                                                          
    5590   1.05994e+07                                                          
    5610   1.05590e+07                                                          
    5630   1.05227e+07                                                          
    5650   1.04224e+07                                                          
    5670   1.02580e+07                                                          
    5690   1.02449e+07                                                          
    5710   1.01391e+07                                                          
    5730   1.01707e+07                                                          
    5750   1.00050e+07                                                          
    5770   9.95235e+06                                                          
    5790   9.84616e+06                                                          
    5810   9.78097e+06                                                          
    5830   9.71751e+06                                                          
    5850   9.60948e+06                                                          
    5870   9.52358e+06                                                          
    5890   9.32455e+06                                                          
    5910   9.36111e+06                                                          
    5930   9.28682e+06                                                          
    5950   9.20857e+06                                                          
    5970   9.13755e+06                                                          
    5990   9.02751e+06                                                          
    6010   8.90743e+06                                                          
    6030   8.87120e+06                                                          
    6050   8.82542e+06                                                          
    6070   8.77842e+06                                                          
    6090   8.66783e+06                                                          
    6110   8.57842e+06                                                          
    6130   8.42903e+06                                                          
    6150   8.29028e+06                                                          
    6170   8.29269e+06                                                          
    6190   8.32838e+06                                                          
    6210   8.25803e+06                                                          
    6230   8.14361e+06                                                          
    6250   7.94300e+06                                                          
    6270   8.06444e+06                                                          
    6290   8.00021e+06                                                          
    6310   7.86614e+06                                                          
    6330   7.82699e+06                                                          
    6350   7.70847e+06                                                          
    6370   7.66724e+06                                                          
    6390   7.64134e+06                                                          
    6410   7.50851e+06                                                          
    6430   7.48421e+06                                                          
    6450   7.35629e+06                                                          
    6470   7.35156e+06                                                          
    6490   7.20497e+06                                                          
    6510   7.13388e+06                                                          
    6530   6.88693e+06                                                          
    6550   5.97649e+06                                                          
    6570   4.77780e+06                                                          
    6590   6.49121e+06                                                          
    6610   6.82443e+06                                                          
    6630   6.87389e+06                                                          
    6650   6.85376e+06                                                          
    6670   6.80759e+06                                                          
    6690   6.78249e+06                                                          
    6710   6.73014e+06                                                          
    6730   6.68093e+06                                                          
    6750   6.61113e+06                                                          
    6770   6.59358e+06                                                          
    6790   6.53633e+06                                                          
    6810   6.48351e+06                                                          
    6830   6.42374e+06                                                          
    6850   6.36738e+06                                                          
    6870   6.33747e+06                                                          
    6890   6.29088e+06                                                          
    6910   6.23819e+06                                                          
    6930   6.18875e+06                                                          
    6950   6.14276e+06                                                          
    6970   6.09028e+06                                                          
    6990   6.05327e+06                                                          
    7010   5.96070e+06                                                          
    7030   5.93823e+06                                                          
    7050   5.90531e+06                                                          
    7070   5.86427e+06                                                          
    7090   5.82002e+06                                                          
    7110   5.66658e+06                                                          
    7130   5.69334e+06                                                          
    7150   5.66622e+06                                                          
    7170   5.61716e+06                                                          
    7190   5.56624e+06                                                          
    7210   5.53771e+06                                                          
    7230   5.49266e+06                                                          
    7250   5.44734e+06                                                          
    7270   5.42966e+06                                                          
    7290   5.35614e+06                                                          
    7310   5.33091e+06                                                          
    7330   5.29293e+06                                                          
    7350   5.27126e+06                                                          
    7370   5.23519e+06                                                          
    7390   5.16890e+06                                                          
    7410   5.08600e+06                                                          
    7430   5.06865e+06                                                          
    7450   5.04601e+06                                                          
    7470   4.98808e+06                                                          
    7490   4.96361e+06                                                          
    7510   4.94954e+06                                                          
    7530   4.92054e+06                                                          
    7550   4.90144e+06                                                          
    7570   4.85696e+06                                                          
    7590   4.82223e+06                                                          
    7610   4.78698e+06                                                          
    7630   4.75471e+06                                                          
    7650   4.71164e+06                                                          
    7670   4.64878e+06                                                          
    7690   4.63822e+06                                                          
    7710   4.59603e+06                                                          
    7730   4.58472e+06                                                          
    7750   4.53933e+06                                                          
    7770   4.42164e+06                                                          
    7790   4.49362e+06                                                          
    7810   4.45432e+06                                                          
    7830   4.40245e+06                                                          
    7850   4.35942e+06                                                          
    7870   4.33922e+06                                                          
    7890   4.30126e+06                                                          
    7910   4.26919e+06                                                          
    7930   4.23395e+06                                                          
    7950   4.19826e+06                                                          
    7970   4.21101e+06                                                          
    7990   4.14205e+06                                                          
    8010   4.13578e+06                                                          
    8030   4.10386e+06                                                          
    8050   4.07943e+06                                                          
    8070   4.05389e+06                                                          
    8090   4.02160e+06                                                          
    8110   4.00726e+06                                                          
    8130   3.98375e+06                                                          
    8150   3.95448e+06                                                          
    8170   3.92759e+06                                                          
    8190   3.84139e+06                                                          
    8210   3.83498e+06                                                          
    8230   3.80768e+06                                                          
    8250   3.79048e+06                                                          
    8270   3.80636e+06                                                          
    8290   3.77545e+06                                                          
    8310   3.73646e+06                                                          
    8330   3.66877e+06                                                          
    8350   3.65895e+06                                                          
    8370   3.62797e+06                                                          
    8390   3.56146e+06                                                          
    8410   3.53131e+06                                                          
    8430   3.49602e+06                                                          
    8450   3.43448e+06                                                          
    8470   3.36780e+06                                                          
    8490   3.44744e+06                                                          
    8510   3.21981e+06                                                          
    8530   3.46496e+06                                                          
    8550   3.03309e+06                                                          
    8570   3.50355e+06                                                          
    8590   3.23211e+06                                                          
    8610   3.15580e+06                                                          
    8630   3.50105e+06                                                          
    8650   3.34769e+06                                                          
    8670   2.77901e+06                                                          
    8690   3.34378e+06                                                          
    8710   3.48588e+06                                                          
    8730   3.34074e+06                                                          
    8750   2.72780e+06                                                          
    8770   3.21180e+06                                                          
    8790   3.42784e+06                                                          
    8810   3.43176e+06                                                          
    8830   3.32010e+06                                                          
    8850   3.02937e+06                                                          
    8870   2.60679e+06                                                          
    8890   3.20640e+06                                                          
    8910   3.32193e+06                                                          
    8930   3.33308e+06                                                          
    8950   3.34709e+06                                                          
    8970   3.27927e+06                                                          
    8990   3.13413e+06                                                          
    9010   2.54015e+06                                                          
    9030   2.78671e+06                                                          
    9050   3.12961e+06                                                          
    9070   3.12981e+06                                                          
    9090   3.10299e+06                                                          
    9110   3.17333e+06                                                          
    9130   3.18160e+06                                                          
    9150   3.16699e+06                                                          
    9170   3.11554e+06                                                          
    9190   3.02845e+06                                                          
    9210   2.82092e+06                                                          
    9230   2.23807e+06                                                          
    9250   2.71838e+06                                                          
    9270   2.88109e+06                                                          
    9290   2.99945e+06                                                          
    9310   3.01120e+06                                                          
    9330   2.99693e+06                                                          
    9350   2.98700e+06                                                          
    9370   2.97508e+06                                                          
    9390   2.93713e+06                                                          
    9410   2.83798e+06                                                          
    9430   2.89082e+06                                                          
    9450   2.87175e+06                                                          
    9470   2.85495e+06                                                          
    9490   2.81497e+06                                                          
    9510   2.72876e+06                                                          
    9530   2.52005e+06                                                          
    9550   2.03932e+06                                                          
    9570   2.53255e+06                                                          
    9590   2.67742e+06                                                          
    9610   2.69200e+06                                                          
    9630   2.66997e+06                                                          
    9650   2.69716e+06                                                          
    9670   2.66088e+06                                                          
    9690   2.65961e+06                                                          
    9710   2.67436e+06                                                          
    9730   2.65603e+06                                                          
    9750   2.62559e+06                                                          
    9770   2.62591e+06                                                          
    9790   2.60981e+06                                                          
    9810   2.59258e+06                                                          
    9830   2.57260e+06                                                          
    9850   2.54227e+06                                                          
    9870   2.52582e+06                                                          
    9890   2.49870e+06                                                          
    9910   2.48923e+06                                                          
    9930   2.47739e+06                                                          
    9950   2.46017e+06                                                          
    9970   2.44380e+06                                                          
    9990   2.40879e+06                                                          
   10025   2.19381e+06                                                          
   10075   2.08420e+06                                                          
   10125   2.30100e+06                                                          
   10175   2.30115e+06                                                          
   10225   2.28225e+06                                                          
   10275   2.25271e+06                                                          
   10325   2.21272e+06                                                          
   10375   2.18242e+06                                                          
   10425   2.14918e+06                                                          
   10475   2.09593e+06                                                          
   10525   2.07379e+06                                                          
   10575   2.05015e+06                                                          
   10625   2.01889e+06                                                          
   10675   1.95330e+06                                                          
   10725   1.94806e+06                                                          
   10775   1.92011e+06                                                          
   10825   1.88706e+06                                                          
   10875   1.83406e+06                                                          
   10925   1.55719e+06                                                          
   10975   1.69486e+06                                                          
   11025   1.78321e+06                                                          
   11075   1.77487e+06                                                          
   11125   1.74974e+06                                                          
   11175   1.72740e+06                                                          
   11225   1.70719e+06                                                          
   11275   1.65133e+06                                                          
   11325   1.63099e+06                                                          
   11375   1.62762e+06                                                          
   11425   1.59576e+06                                                          
   11475   1.59209e+06                                                          
   11525   1.57171e+06                                                          
   11575   1.54733e+06                                                          
   11625   1.50778e+06                                                          
   11675   1.47915e+06                                                          
   11725   1.48706e+06                                                          
   11775   1.43701e+06                                                          
   11825   1.43123e+06                                                          
   11875   1.40304e+06                                                          
   11925   1.41087e+06                                                          
   11975   1.37477e+06                                                          
   12025   1.36693e+06                                                          
   12075   1.34379e+06                                                          
   12125   1.32865e+06                                                          
   12175   1.31655e+06                                                          
   12225   1.29698e+06                                                          
   12275   1.27815e+06                                                          
   12325   1.26204e+06                                                          
   12375   1.24779e+06                                                          
   12425   1.23466e+06                                                          
   12475   1.21539e+06                                                          
   12525   1.19897e+06                                                          
   12575   1.17543e+06                                                          
   12625   1.16403e+06                                                          
   12675   1.15098e+06                                                          
   12725   1.13077e+06                                                          
   12775   1.07925e+06                                                          
   12825   9.16945e+05                                                          
   12875   1.06175e+06                                                          
   12925   1.07480e+06                                                          
   12975   1.06753e+06                                                          
   13025   1.05674e+06                                                          
   13075   1.04600e+06                                                          
   13125   1.03081e+06                                                          
   13175   1.01423e+06                                                          
   13225   1.00733e+06                                                          
   13275   9.94377e+05                                                          
   13325   9.82876e+05                                                          
   13375   9.70179e+05                                                          
   13425   9.58508e+05                                                          
   13475   9.46586e+05                                                          
   13525   9.32455e+05                                                          
   13575   9.19677e+05                                                          
   13625   9.12035e+05                                                          
   13675   8.99543e+05                                                          
   13725   8.80651e+05                                                          
   13775   8.76608e+05                                                          
   13825   8.66765e+05                                                          
   13875   8.59844e+05                                                          
   13925   8.45208e+05                                                          
   13975   8.37574e+05                                                          
   14025   8.27711e+05                                                          
   14075   8.19178e+05                                                          
   14125   8.07138e+05                                                          
   14175   7.99305e+05                                                          
   14225   7.88184e+05                                                          
   14275   7.78024e+05                                                          
   14325   7.70907e+05                                                          
   14375   7.63465e+05                                                          
   14425   7.38299e+05                                                          
   14475   7.44253e+05                                                          
   14525   7.27543e+05                                                          
   14570   7.27236e+05                                                          
   14620   7.17613e+05                                                          
   14675   7.10964e+05                                                          
   14725   7.01000e+05                                                          
   14775   6.90276e+05                                                          
   14825   6.84864e+05                                                          
   14875   6.73818e+05                                                          
   14925   6.72864e+05                                                          
   14975   6.61801e+05                                                          
   15025   6.51560e+05                                                          
   15075   6.41336e+05                                                          
   15125   6.37469e+05                                                          
   15175   6.28745e+05                                                          
   15225   6.20328e+05                                                          
   15275   6.11957e+05                                                          
   15325   6.03119e+05                                                          
   15375   5.99457e+05                                                          
   15425   5.83027e+05                                                          
   15475   5.85325e+05                                                          
   15525   5.78625e+05                                                          
   15575   5.58306e+05                                                          
   15625   5.77530e+05                                                          
   15675   5.52377e+05                                                          
   15725   5.36600e+05                                                          
   15775   5.57684e+05                                                          
   15825   5.51436e+05                                                          
   15875   5.00432e+05                                                          
   15925   5.31009e+05                                                          
   15975   5.45499e+05                                                          
   16050   5.22351e+05                                                          
   16150   4.90293e+05                                                          
   16250   5.16111e+05                                                          
   16350   4.86760e+05                                                          
   16450   4.55157e+05                                                          
   16550   4.84611e+05                                                          
   16650   4.75390e+05                                                          
   16750   4.45325e+05                                                          
   16850   4.14819e+05                                                          
   16950   4.45229e+05                                                          
   17050   4.36103e+05                                                          
   17150   4.28586e+05                                                          
   17250   4.12791e+05                                                          
   17350   3.62214e+05                                                          
   17450   3.89867e+05                                                          
   17550   3.91207e+05                                                          
   17650   3.83949e+05                                                          
   17750   3.77515e+05                                                          
   17850   3.69466e+05                                                          
   17950   3.62878e+05                                                          
   18050   3.51128e+05                                                          
   18150   3.11075e+05                                                          
   18250   3.28529e+05                                                          
   18350   3.33256e+05                                                          
   18450   3.27226e+05                                                          
   18550   3.19808e+05                                                          
   18650   3.10644e+05                                                          
   18750   2.72758e+05                                                          
   18850   2.96854e+05                                                          
   18950   2.94060e+05                                                          
   19050   2.91880e+05                                                          
   19150   2.86047e+05                                                          
   19250   2.79795e+05                                                          
   19350   2.70591e+05                                                          
   19450   2.38216e+05                                                          
   19550   2.60710e+05                                                          
   19650   2.59473e+05                                                          
   19750   2.54709e+05                                                          
   19850   2.50807e+05                                                          
   19950   2.46232e+05                                                          
   20050   2.41852e+05                                                          
   20150   2.37600e+05                                                          
   20250   2.32916e+05                                                          
   20350   2.28380e+05                                                          
   20450   2.24910e+05                                                          
   20550   2.20768e+05                                                          
   20650   2.16329e+05                                                          
   20750   2.12669e+05                                                          
   20850   2.09007e+05                                                          
   20950   2.05172e+05                                                          
   21050   2.01628e+05                                                          
   21150   1.97538e+05                                                          
   21250   1.94124e+05                                                          
   21350   1.90761e+05                                                          
   21450   1.87475e+05                                                          
   21550   1.82134e+05                                                          
   21650   1.61137e+05                                                          
   21750   1.74224e+05                                                          
   21850   1.74557e+05                                                          
   21950   1.72612e+05                                                          
   22050   1.69296e+05                                                          
   22150   1.66346e+05                                                          
   22250   1.64120e+05                                                          
   22350   1.61375e+05                                                          
   22450   1.58689e+05                                                          
   22550   1.55552e+05                                                          
   22650   1.53356e+05                                                          
   22750   1.50910e+05                                                          
   22850   1.48926e+05                                                          
   22950   1.48367e+05                                                          
   23050   1.46114e+05                                                          
   23150   1.43243e+05                                                          
   23250   1.40745e+05                                                          
   23350   1.38057e+05                                                          
   23450   1.35644e+05                                                          
   23550   1.33195e+05                                                          
   23650   1.30904e+05                                                          
   23750   1.28471e+05                                                          
   23850   1.26245e+05                                                          
   23950   1.24123e+05                                                          
   24050   1.22046e+05                                                          
   24150   1.19896e+05                                                          
   24250   1.18053e+05                                                          
   24350   1.16153e+05                                                          
   24450   1.14101e+05                                                          
   24550   1.12628e+05                                                          
   24650   1.10566e+05                                                          
   24750   1.09040e+05                                                          
   24850   1.07836e+05                                                          
   24950   1.04577e+05                                                          
   25050   1.06270e+05                                                          
   25150   1.03724e+05                                                          
   25250   9.93888e+04                                                          
   25350   1.00179e+05                                                          
   25450   9.95231e+04                                                          
   25550   9.69803e+04                                                          
   25650   9.25146e+04                                                          
   25750   9.45591e+04                                                          
   25850   9.37536e+04                                                          
   25950   9.25124e+04                                                          
   26050   8.93543e+04                                                          
   26150   8.46651e+04                                                          
   26250   7.91902e+04                                                          
   26350   8.54780e+04                                                          
   26450   8.60225e+04                                                          
   26550   8.48415e+04                                                          
   26650   8.25226e+04                                                          
   26750   7.71072e+04                                                          
   26850   8.04079e+04                                                          
   26950   8.04711e+04                                                          
   27050   7.95298e+04                                                          
   27150   7.85871e+04                                                          
   27250   7.74332e+04                                                          
   27350   7.61674e+04                                                          
   27450   7.45281e+04                                                          
   27550   6.89070e+04                                                          
   27650   7.05098e+04                                                          
   27750   7.18245e+04                                                          
   27850   7.12137e+04                                                          
   27950   7.03996e+04                                                          
   28050   6.94535e+04                                                          
   28150   6.85115e+04                                                          
   28250   6.75870e+04                                                          
   28350   6.66978e+04                                                          
   28450   6.55660e+04                                                          
   28550   6.45087e+04                                                          
   28650   6.20650e+04                                                          
   28750   5.76849e+04                                                          
   28850   6.14351e+04                                                          
   28950   6.12704e+04                                                          
   29050   6.07285e+04                                                          
   29150   5.98242e+04                                                          
   29250   5.91496e+04                                                          
   29350   5.84201e+04                                                          
   29450   5.76548e+04                                                          
   29550   5.69233e+04                                                          
   29650   5.61949e+04                                                          
   29750   5.54682e+04                                                          
   29850   5.47661e+04                                                          
   29950   5.40374e+04                                                          
   30050   5.33304e+04                                                          
   30150   5.24944e+04                                                          
   30250   5.14573e+04                                                          
   30350   4.75464e+04                                                          
   30450   4.81542e+04                                                          
   30550   4.96653e+04                                                          
   30650   4.93353e+04                                                          
   30750   4.88488e+04                                                          
   30850   4.81584e+04                                                          
   30950   4.76174e+04                                                          
   31050   4.70263e+04                                                          
   31150   4.63393e+04                                                          
   31250   4.58492e+04                                                          
   31350   4.53205e+04                                                          
   31450   4.47490e+04                                                          
   31550   4.42429e+04                                                          
   31650   4.37507e+04                                                          
   31750   4.31639e+04                                                          
   31850   4.27065e+04                                                          
   31950   4.21917e+04                                                          
   32100   4.14259e+04                                                          
   32300   4.04685e+04                                                          
   32500   3.95065e+04                                                          
   32700   3.84539e+04                                                          
   32900   3.54164e+04                                                          
   33100   3.62298e+04                                                          
   33300   3.60846e+04                                                          
   33500   3.53238e+04                                                          
   33700   3.44032e+04                                                          
   33900   3.36103e+04                                                          
   34100   3.28418e+04                                                          
   34300   3.21246e+04                                                          
   34500   3.14258e+04                                                          
   34700   3.07020e+04                                                          
   34900   3.00066e+04                                                          
   35100   2.93434e+04                                                          
   35300   2.86866e+04                                                          
   35500   2.80636e+04                                                          
   35700   2.74169e+04                                                          
   35900   2.68629e+04                                                          
   36100   2.62459e+04                                                          
   36300   2.57527e+04                                                          
   36500   2.51130e+04                                                          
   36700   2.47047e+04                                                          
   36900   2.39524e+04                                                          
   37100   2.36121e+04                                                          
   37300   2.25045e+04                                                          
   37500   2.16750e+04                                                          
   37700   2.22244e+04                                                          
   37900   2.18536e+04                                                          
   38100   2.11745e+04                                                          
   38300   2.08084e+04                                                          
   38500   2.06163e+04                                                          
   38700   2.01907e+04                                                          
   38900   1.96833e+04                                                          
   39100   1.89718e+04                                                          
   39300   1.90036e+04                                                          
   39500   1.87033e+04                                                          
   39700   1.83555e+04                                                          
   39900   1.79558e+04                                                          
   40100   1.73021e+04                                                          
   40300   1.68820e+04                                                          
   40500   1.60898e+04                                                          
   40700   1.65423e+04                                                          
   40900   1.63193e+04                                                          
   41100   1.60494e+04                                                          
   41300   1.57411e+04                                                          
   41500   1.53481e+04                                                          
   41700   1.45875e+04                                                          
   41900   1.47696e+04                                                          
   42100   1.45802e+04                                                          
   42300   1.43562e+04                                                          
   42500   1.40913e+04                                                          
   42700   1.38412e+04                                                          
   42900   1.35919e+04                                                          
   43100   1.33473e+04                                                          
   43300   1.31034e+04                                                          
   43500   1.28241e+04                                                          
   43700   1.21538e+04                                                          
   43900   1.22268e+04                                                          
   44100   1.21785e+04                                                          
   44300   1.19911e+04                                                          
   44500   1.17825e+04                                                          
   44700   1.16185e+04                                                          
   44900   1.14159e+04                                                          
   45100   1.12246e+04                                                          
   45300   1.10311e+04                                                          
   45500   1.08445e+04                                                          
   45700   1.06562e+04                                                          
   45900   1.04748e+04                                                          
   46100   1.02932e+04                                                          
   46300   1.00658e+04                                                          
   46500   9.39537e+03                                                          
   46700   9.26888e+03                                                          
   46900   9.52146e+03                                                          
   47100   9.45753e+03                                                          
   47300   9.32144e+03                                                          
   47500   9.16498e+03                                                          
   47700   9.01766e+03                                                          
   47900   8.87509e+03                                                          
   48100   8.73147e+03                                                          
   48300   8.59146e+03                                                          
   48500   8.45345e+03                                                          
   48700   8.31944e+03                                                          
   48900   8.18734e+03                                                          
   49100   8.05512e+03                                                          
   49300   7.93069e+03                                                          
   49500   7.80556e+03                                                          
   49700   7.68412e+03                                                          
   49900   7.56341e+03                                                          
   50100   7.44677e+03                                                          
   50300   7.33127e+03                                                          
   50500   7.21924e+03                                                          
   50700   7.10968e+03                                                          
   50900   6.99189e+03                                                          
   51100   6.82659e+03                                                          
   51300   6.43491e+03                                                          
   51500   6.64093e+03                                                          
   51700   6.58292e+03                                                          
   51900   6.48865e+03                                                          
   52100   6.39078e+03                                                          
   52300   6.29640e+03                                                          
   52500   6.20327e+03                                                          
   52700   6.11180e+03                                                          
   52900   6.02240e+03                                                          
   53100   5.93374e+03                                                          
   53300   5.84750e+03                                                          
   53500   5.76197e+03                                                          
   53700   5.67712e+03                                                          
   53900   5.59627e+03                                                          
   54100   5.51646e+03                                                          
   54300   5.43563e+03                                                          
   54500   5.35867e+03                                                          
   54700   5.27988e+03                                                          
   54900   5.20806e+03                                                          
   55100   5.13477e+03                                                          
   55300   5.06162e+03                                                          
   55500   4.99133e+03                                                          
   55700   4.92000e+03                                                          
   55900   4.84878e+03                                                          
   56100   4.78493e+03                                                          
   56300   4.71884e+03                                                          
   56500   4.65431e+03                                                          
   56700   4.59020e+03                                                          
   56900   4.52762e+03                                                          
   57100   4.46616e+03                                                          
   57300   4.40509e+03                                                          
   57500   4.34548e+03                                                          
   57700   4.28660e+03                                                          
   57900   4.22806e+03                                                          
   58100   4.17200e+03                                                          
   58300   4.11661e+03                                                          
   58500   4.06784e+03                                                          
   58700   4.00711e+03                                                          
   58900   3.91703e+03                                                          
   59100   3.70276e+03                                                          
   59300   3.82958e+03                                                          
   59500   3.79778e+03                                                          
   59700   3.75623e+03                                                          
   59900   3.70712e+03                                                          
   60100   3.65826e+03                                                          
   60300   3.61226e+03                                                          
   60500   3.56549e+03                                                          
   60700   3.51925e+03                                                          
   60900   3.47354e+03                                                          
   61100   3.42738e+03                                                          
   61300   3.38623e+03                                                          
   61500   3.34331e+03                                                          
   61700   3.30120e+03                                                          
   61900   3.25925e+03                                                          
   62100   3.21838e+03                                                          
   62300   3.17613e+03                                                          
   62500   3.13772e+03                                                          
   62700   3.09821e+03                                                          
   62900   3.06066e+03                                                          
   63100   3.02141e+03                                                          
   63300   2.98481e+03                                                          
   63500   2.94819e+03                                                          
   63700   2.91248e+03                                                          
   63900   2.87660e+03                                                          
   64200   2.82458e+03                                                          
   64600   2.75618e+03                                                          
   65000   2.69003e+03                                                          
   65400   2.62652e+03                                                          
   65800   2.56417e+03                                                          
   66200   2.50356e+03                                                          
   66600   2.44516e+03                                                          
   67000   2.38835e+03                                                          
   67400   2.33292e+03                                                          
   67800   2.27955e+03                                                          
   68200   2.22741e+03                                                          
   68600   2.17667e+03                                                          
   69000   2.12682e+03                                                          
   69400   2.07907e+03                                                          
   69800   2.03271e+03                                                          
   70200   1.98754e+03                                                          
   70600   1.94358e+03                                                          
   71000   1.90152e+03                                                          
   71400   1.85960e+03                                                          
   71800   1.81916e+03                                                          
   72200   1.77877e+03                                                          
   72600   1.74134e+03                                                          
   73000   1.70456e+03                                                          
   73400   1.66802e+03                                                          
   73800   1.63291e+03                                                          
   74200   1.59529e+03                                                          
   74600   1.51811e+03                                                          
   75000   1.48375e+03                                                          
   75400   1.49686e+03                                                          
   75800   1.46971e+03                                                          
   76200   1.43980e+03                                                          
   76600   1.41044e+03                                                          
   77000   1.38181e+03                                                          
   77400   1.35403e+03                                                          
   77800   1.32685e+03                                                          
   78200   1.30033e+03                                                          
   78600   1.27447e+03                                                          
   79000   1.24924e+03                                                          
   79400   1.22463e+03                                                          
   79800   1.20061e+03                                                          
   80200   1.17713e+03                                                          
   80600   1.15427e+03                                                          
   81000   1.13207e+03                                                          
   81400   1.11013e+03                                                          
   81800   1.08895e+03                                                          
   82200   1.06833e+03                                                          
   82600   1.04806e+03                                                          
   83000   1.02827e+03                                                          
   83400   1.00860e+03                                                          
   83800   9.89620e+02                                                          
   84200   9.71462e+02                                                          
   84600   9.53702e+02                                                          
   85000   9.36182e+02                                                          
   85400   9.18932e+02                                                          
   85800   9.02142e+02                                                          
   86200   8.85719e+02                                                          
   86600   8.69801e+02                                                          
   87000   8.54121e+02                                                          
   87400   8.38770e+02                                                          
   87800   8.23834e+02                                                          
   88200   8.09041e+02                                                          
   88600   7.94756e+02                                                          
   89000   7.80755e+02                                                          
   89400   7.67107e+02                                                          
   89800   7.53626e+02                                                          
   90200   7.40575e+02                                                          
   90600   7.27812e+02                                                          
   91000   7.15143e+02                                                          
   91400   7.02912e+02                                                          
   91800   6.90951e+02                                                          
   92200   6.79199e+02                                                          
   92600   6.67680e+02                                                          
   93000   6.56417e+02                                                          
   93400   6.45363e+02                                                          
   93800   6.34569e+02                                                          
   94200   6.23988e+02                                                          
   94600   6.13617e+02                                                          
   95000   6.03465e+02                                                          
   95400   5.93448e+02                                                          
   95800   5.83825e+02                                                          
   96200   5.74250e+02                                                          
   96600   5.64942e+02                                                          
   97000   5.55793e+02                                                          
   97400   5.46750e+02                                                          
   97800   5.37999e+02                                                          
   98200   5.29373e+02                                                          
   98600   5.20966e+02                                                          
   99000   5.12715e+02                                                          
   99400   5.04580e+02                                                          
   99800   4.96606e+02                                                          
  100200   4.88803e+02                                                          
  200000   3.13343e+01                                                          
  400000   1.95157e+00                                                          
  600000   3.82369e-01                                                          
  800000   1.20071e-01                                                          
 1000000   4.88530e-02                                                          
 1200000   2.34230e-02                                                          
 1400000   1.25784e-02                                                          
 1600000   7.33930e-03                                                          
